0 0.06328125 0.29609375 0.1171875 0.1375
0 0.1 0.415625 0.121875 0.1625
0 0.64375 0.4625 0.0859375 0.065625
0 0.39453125 0.53828125 0.11875 0.1921875
0 0.19609375 0.54296875 0.1 0.2109375
0 0.59140625 0.5734375 0.165625 0.146875
0 0.74140625 0.65546875 0.128125 0.215625
0 0.6625 0.70546875 0.0859375 0.121875
0 0.3796875 0.7515625 0.121875 0.1609375
0 0.24609375 0.75546875 0.1171875 0.0828125
0 0.55 0.790625 0.1109375 0.1609375
0 0.490625 0.8390625 0.1109375 0.246875
0 0.71875 0.12109375 0.1 0.125