0 0.059375 0.3125 0.11875 0.14375
0 0.09765625 0.4296875 0.128125 0.1671875
0 0.6421875 0.4578125 0.0875 0.06875
0 0.39609375 0.5421875 0.125 0.196875
0 0.19765625 0.55390625 0.1078125 0.2140625
0 0.59375 0.5703125 0.1703125 0.153125
0 0.746875 0.646875 0.1359375 0.2203125
0 0.66953125 0.7 0.090625 0.125
0 0.38828125 0.75546875 0.128125 0.165625
0 0.25546875 0.7640625 0.1203125 0.0875
0 0.56015625 0.7890625 0.1171875 0.1640625
0 0.50234375 0.8390625 0.11875 0.25
0 0.70546875 0.1140625 0.1046875 0.128125