0 0.05859375 0.31171875 0.1171875 0.1453125
0 0.09765625 0.43046875 0.12734375 0.16796875
0 0.6421875 0.4578125 0.08671875 0.06953125
0 0.396875 0.54296875 0.125 0.196875
0 0.1984375 0.55390625 0.1078125 0.2140625
0 0.5953125 0.56953125 0.1703125 0.15390625
0 0.74609375 0.646875 0.13671875 0.22109375
0 0.66953125 0.69921875 0.0890625 0.125
0 0.38828125 0.75625 0.12734375 0.165625
0 0.25703125 0.7640625 0.1203125 0.08671875
0 0.5609375 0.78828125 0.11796875 0.16328125
0 0.50234375 0.8390625 0.1203125 0.25
0 0.70546875 0.1140625 0.103125 0.12734375