3 0.7453125 0.6546875 0.1296875 0.209375
3 0.55546875 0.78984375 0.1109375 0.1609375
3 0.58984375 0.57421875 0.1609375 0.14921875
3 0.3796875 0.75 0.1203125 0.15859375
3 0.10078125 0.41953125 0.1203125 0.1609375
3 0.7203125 0.1203125 0.0984375 0.1203125
3 0.61796875 0.07421875 0.0984375 0.1484375
3 0.4015625 0.53984375 0.1203125 0.19921875
3 0.19921875 0.54453125 0.10078125 0.209375
3 0.4953125 0.83984375 0.1109375 0.19921875
3 0.66484375 0.71171875 0.0890625 0.1203125
3 0.6453125 0.46484375 0.0890625 0.06953125
3 0.06484375 0.30078125 0.1109375 0.1390625
3 0.25 0.7546875 0.1203125 0.09140625