3 0.74296875 0.6578125 0.1296875 0.2140625
3 0.55078125 0.7921875 0.1109375 0.1609375
3 0.5921875 0.57578125 0.165625 0.146875
3 0.38125 0.75390625 0.12265625 0.1609375
3 0.10078125 0.4171875 0.1203125 0.1609375
3 0.7203125 0.12265625 0.0984375 0.125
3 0.6203125 0.07578125 0.09140625 0.146875
3 0.3953125 0.53984375 0.11796875 0.18984375
3 0.196875 0.54453125 0.10078125 0.209375
3 0.49296875 0.83984375 0.1109375 0.2046875
3 0.66328125 0.7078125 0.08671875 0.12265625
3 0.64453125 0.4625 0.08671875 0.06484375
3 0.0640625 0.296875 0.11796875 0.13671875
3 0.24609375 0.75625 0.11796875 0.084375