0 0.46328125 0.48125 0.1828125 0.21484375
0 0.5640625 0.66484375 0.14296875 0.14453125
0 0.17421875 0.3859375 0.15234375 0.09453125
0 0.26328125 0.221875 0.08828125 0.090625
0 0.76484375 0.5640625 0.31328125 0.16875
0 0.73671875 0.8484375 0.115625 0.13671875
0 0.60546875 0.86796875 0.13828125 0.128125
0 0.8890625 0.87890625 0.15390625 0.15703125
0 0.28203125 0.70078125 0.10859375 0.13046875
0 0.325 0.3625 0.19609375 0.0890625
0 0.128125 0.30078125 0.1203125 0.08359375
0 0.446875 0.1875 0.1375 0.10234375