0 0.8296875 0.18984375 0.0796875 0.06015625
0 0.8296875 0.1 0.1 0.03984375
0 0.63984375 0.16484375 0.0796875 0.0296875
0 0.3 0.15 0.06015625 0.03984375
0 0.3453125 0.1703125 0.0703125 0.03984375
0 0.575 0.525 0.08984375 0.0296875
0 0.5046875 0.5453125 0.0703125 0.0296875
0 0.5546875 0.33515625 0.05 0.0296875
0 0.75 0.31484375 0.0796875 0.0296875
0 0.35 0.21015625 0.0796875 0.0203125
0 0.6546875 0.23515625 0.05 0.0296875
0 0.93515625 0.275 0.05 0.05
0 0.91015625 0.2 0.06015625 0.03984375
0 0.91484375 0.0953125 0.05 0.0296875
0 0.23984375 0.0796875 0.03984375 0.06015625
0 0.33984375 0.08515625 0.06015625 0.05
0 0.53515625 0.1 0.05 0.03984375
0 0.26484375 0.36484375 0.0703125 0.0296875
0 0.2953125 0.275 0.0703125 0.05
0 0.38515625 0.28515625 0.0703125 0.0296875
0 0.3546875 0.2546875 0.0703125 0.05
0 0.6203125 0.3 0.06015625 0.03984375
0 0.8703125 0.58984375 0.1203125 0.03984375
0 0.8703125 0.55 0.0796875 0.03984375
0 0.8453125 0.48515625 0.08984375 0.0296875
0 0.8703125 0.4203125 0.1 0.06015625
0 0.76484375 0.3703125 0.0703125 0.06015625
0 0.71484375 0.41484375 0.08984375 0.0296875
0 0.16015625 0.5203125 0.03984375 0.0796875
0 0.3296875 0.5453125 0.1203125 0.05
0 0.3703125 0.5703125 0.1 0.03984375
0 0.4 0.4796875 0.1 0.03984375
0 0.26015625 0.475 0.1203125 0.05
0 0.425 0.41015625 0.05 0.03984375
0 0.3796875 0.38515625 0.03984375 0.05
0 0.43515625 0.33984375 0.0703125 0.0203125
0 0.4953125 0.325 0.05 0.05
0 0.4703125 0.36484375 0.06015625 0.0296875
0 0.525 0.43984375 0.08984375 0.03984375
0 0.6046875 0.4296875 0.0703125 0.03984375
0 0.6296875 0.46484375 0.0796875 0.0296875
0 0.53515625 0.475 0.11015625 0.0296875