0 0.2859375 0.2046875 0.084375 0.04296875
0 0.5796875 0.14453125 0.084375 0.0578125
0 0.1109375 0.27265625 0.0890625 0.084375
0 0.0375 0.30078125 0.06953125 0.0484375
0 0.584375 0.18046875 0.08203125 0.03828125
0 0.29296875 0.275 0.05078125 0.040625
0 0.5890625 0.225 0.07421875 0.06484375
0 0.6515625 0.2328125 0.08203125 0.06953125
0 0.02890625 0.37890625 0.0578125 0.06015625
0 0.56640625 0.26328125 0.0796875 0.0484375
0 0.3421875 0.3296875 0.06484375 0.0453125
0 0.21640625 0.37265625 0.09140625 0.0484375
0 0.46875 0.32578125 0.0578125 0.05546875
0 0.4125 0.35078125 0.053125 0.0484375
0 0.5296875 0.3265625 0.07421875 0.04296875
0 0.49765625 0.3609375 0.06484375 0.0453125
0 0.7046875 0.3171875 0.07421875 0.04296875
0 0.2125 0.4359375 0.0796875 0.07421875
0 0.5921875 0.3609375 0.053125 0.05546875
0 0.55625 0.3953125 0.0578125 0.05078125
0 0.271875 0.46171875 0.09375 0.05078125
0 0.1234375 0.50390625 0.10546875 0.07421875
0 0.384375 0.45546875 0.06953125 0.053125
0 0.4625 0.44921875 0.09375 0.05546875
0 0.365625 0.49296875 0.08671875 0.05078125
0 0.459375 0.48203125 0.1109375 0.053125
0 0.72578125 0.4234375 0.1296875 0.0796875
0 0.59375 0.4578125 0.115625 0.06484375
0 0.1625 0.5609375 0.10078125 0.05546875
0 0.83671875 0.43984375 0.0625 0.084375
0 0.6765625 0.50390625 0.1203125 0.07421875
0 0.509375 0.54453125 0.0796875 0.04296875
0 0.15234375 0.6296875 0.08203125 0.05546875
0 0.4390625 0.578125 0.0984375 0.0484375
0 0.6453125 0.5375 0.1109375 0.0671875
0 0.16328125 0.6734375 0.125 0.06484375
0 0.29296875 0.1140625 0.053125 0.0625
0 0.56484375 0.0609375 0.071875 0.0625
0 0.0203125 0.196875 0.040625 0.05078125
0 0.0890625 0.18046875 0.0984375 0.0625
0 0.3765625 0.11796875 0.06015625 0.05078125
0 0.61796875 0.109375 0.06953125 0.05546875