0 0.66484375 0.09765625 0.31015625 0.19453125
0 0.3265625 0.22109375 0.321875 0.18515625
0 0.71484375 0.30078125 0.12265625 0.18515625
0 0.28828125 0.36796875 0.13203125 0.1921875
0 0.52421875 0.40859375 0.05546875 0.0984375
0 0.10546875 0.46171875 0.13671875 0.27421875
0 0.38125 0.46875 0.03828125 0.09375
0 0.459375 0.475 0.0671875 0.0671875
0 0.31484375 0.48046875 0.08671875 0.0890625
0 0.1453125 0.50625 0.09140625 0.09140625
0 0.74296875 0.48828125 0.053125 0.115625
0 0.6703125 0.49296875 0.0625 0.08671875
0 0.5828125 0.53125 0.07421875 0.07421875
0 0.43359375 0.65625 0.1828125 0.27421875
0 0.265625 0.6984375 0.1203125 0.28359375
0 0.521875 0.69453125 0.16328125 0.19453125
0 0.16953125 0.74765625 0.15859375 0.2953125
0 0.6890625 0.75859375 0.115625 0.16328125
0 0.61328125 0.78828125 0.196875 0.2671875