0 0.8546875 0.4953125 0.0890625 0.09140625
0 0.68515625 0.475 0.09140625 0.0890625
0 0.6203125 0.46484375 0.03828125 0.0890625
0 0.25625 0.5 0.05078125 0.1203125
0 0.33046875 0.5 0.06015625 0.08203125
0 0.41484375 0.53515625 0.06953125 0.06953125
0 0.475 0.41015625 0.05078125 0.0984375
0 0.53984375 0.475 0.06015625 0.06953125
0 0.12109375 0.19921875 0.18046875 0.259375
0 0.28125 0.3109375 0.1203125 0.18046875
0 0.896875 0.44453125 0.1296875 0.26953125
0 0.903125 0.134375 0.16875 0.26875
0 0.66015625 0.1046875 0.18046875 0.209375
0 0.290625 0.1203125 0.259375 0.240625
0 0.32421875 0.7703125 0.1109375 0.1609375
0 0.1390625 0.684375 0.278125 0.25
0 0.66484375 0.21484375 0.31015625 0.1703125
0 0.70703125 0.36640625 0.1296875 0.18984375
0 0.84140625 0.7359375 0.1390625 0.28828125
0 0.7453125 0.68984375 0.1109375 0.27890625
0 0.4859375 0.69609375 0.14921875 0.18984375
0 0.4046875 0.7703125 0.209375 0.30078125
0 0.57421875 0.6546875 0.16796875 0.271875