0 0.8546875 0.49375 0.0890625 0.0890625
0 0.68515625 0.47578125 0.08203125 0.08671875
0 0.6203125 0.46640625 0.03359375 0.09140625
0 0.25859375 0.4984375 0.0453125 0.11328125
0 0.33046875 0.5 0.06015625 0.08671875
0 0.41953125 0.53515625 0.06953125 0.06953125
0 0.47265625 0.4109375 0.05078125 0.09609375
0 0.5421875 0.475 0.06484375 0.06484375
0 0.1234375 0.196875 0.18046875 0.2640625
0 0.27890625 0.31015625 0.115625 0.178125
0 0.89453125 0.446875 0.125 0.26953125
0 0.90859375 0.12890625 0.178125 0.25234375
0 0.65859375 0.10703125 0.178125 0.209375
0 0.290625 0.12109375 0.2640625 0.23828125
0 0.32109375 0.765625 0.1078125 0.1609375
0 0.1390625 0.6828125 0.278125 0.25625
0 0.66484375 0.21640625 0.31484375 0.1734375
0 0.7078125 0.36328125 0.12734375 0.1875
0 0.83984375 0.73671875 0.146875 0.290625
0 0.74296875 0.69140625 0.1109375 0.28125
0 0.4859375 0.69609375 0.15390625 0.18984375
0 0.41015625 0.7703125 0.209375 0.31015625
0 0.571875 0.6546875 0.1734375 0.2671875