0 0.7046875 0.9296875 0.08984375 0.1203125
0 0.61484375 0.91015625 0.1296875 0.16015625
0 0.25 0.93515625 0.0796875 0.11015625
0 0.525 0.4953125 0.0703125 0.1703125
0 0.46484375 0.66015625 0.08984375 0.1
0 0.1046875 0.48984375 0.0703125 0.0796875
0 0.16484375 0.6046875 0.1296875 0.15
0 0.58515625 0.6703125 0.0703125 0.0796875
0 0.6546875 0.2046875 0.0703125 0.21015625
0 0.76484375 0.1296875 0.0703125 0.2
0 0.86484375 0.225 0.0703125 0.18984375
0 0.95 0.31015625 0.0796875 0.13984375
0 0.8703125 0.4203125 0.1 0.2
0 0.76015625 0.4546875 0.0796875 0.1296875
0 0.725 0.6203125 0.0703125 0.1796875
0 0.66484375 0.4203125 0.05 0.1203125
0 0.58984375 0.38984375 0.06015625 0.23984375
0 0.46484375 0.1453125 0.08984375 0.21015625
0 0.36484375 0.1046875 0.11015625 0.18984375
0 0.1796875 0.4296875 0.06015625 0.1203125
0 0.3203125 0.43984375 0.1 0.1796875
0 0.3953125 0.4296875 0.0703125 0.1796875
0 0.4203125 0.325 0.03984375 0.2296875
0 0.4546875 0.375 0.05 0.18984375
0 0.4296875 0.53984375 0.0796875 0.16015625