0 0.7046875 0.9359375 0.0890625 0.125
0 0.61328125 0.91484375 0.12265625 0.16796875
0 0.24765625 0.9375 0.07421875 0.12265625
0 0.521875 0.49609375 0.0671875 0.1703125
0 0.4640625 0.6625 0.084375 0.10078125
0 0.10546875 0.48828125 0.0625 0.0765625
0 0.16328125 0.60546875 0.1296875 0.14921875
0 0.584375 0.66953125 0.071875 0.0765625
0 0.65625 0.20078125 0.0625 0.21171875
0 0.76328125 0.1265625 0.06953125 0.19921875
0 0.86328125 0.2234375 0.071875 0.18984375
0 0.95546875 0.3078125 0.08671875 0.134375
0 0.8703125 0.4203125 0.103125 0.2046875
0 0.75703125 0.453125 0.0765625 0.134375
0 0.72734375 0.61640625 0.06484375 0.18046875
0 0.66484375 0.4203125 0.0578125 0.11328125
0 0.5875 0.390625 0.0625 0.24296875
0 0.46171875 0.14453125 0.0890625 0.2046875
0 0.365625 0.10703125 0.1078125 0.19453125
0 0.17890625 0.43046875 0.0671875 0.11328125
0 0.3171875 0.43984375 0.09609375 0.1703125
0 0.3921875 0.42890625 0.071875 0.1828125
0 0.421875 0.3234375 0.04296875 0.228125
0 0.4578125 0.37734375 0.053125 0.18515625
0 0.43046875 0.53828125 0.07421875 0.15390625