0 0.65625 0.2125 0.146875 0.115625
0 0.25703125 0.14921875 0.07421875 0.1109375
0 0.4515625 0.25859375 0.0765625 0.0765625
0 0.18984375 0.21640625 0.0671875 0.0765625
0 0.59609375 0.31015625 0.06953125 0.06015625
0 0.39765625 0.2984375 0.07421875 0.0890625
0 0.4640625 0.334375 0.11328125 0.1078125
0 0.5875 0.3765625 0.125 0.10078125
0 0.11328125 0.3125 0.084375 0.1109375
0 0.12265625 0.41328125 0.06953125 0.07421875
0 0.3609375 0.47265625 0.11328125 0.15625
0 0.4828125 0.50625 0.084375 0.0796875
0 0.08671875 0.4703125 0.053125 0.06015625
0 0.24375 0.50703125 0.06484375 0.0890625
0 0.0875 0.521875 0.0890625 0.08203125
0 0.428125 0.6703125 0.09375 0.12265625
0 0.29296875 0.68515625 0.14921875 0.1421875
0 0.103125 0.69609375 0.20625 0.1734375