0 0.53515625 0.65390625 0.1515625 0.134375
0 0.584375 0.55546875 0.04296875 0.08671875
0 0.13125 0.94921875 0.0359375 0.08671875
0 0.14453125 0.828125 0.04296875 0.09375
0 0.18046875 0.8453125 0.03828125 0.06484375
0 0.40625 0.47578125 0.0578125 0.0578125
0 0.39921875 0.58203125 0.0671875 0.10546875
0 0.6765625 0.646875 0.084375 0.0765625
0 0.9234375 0.52734375 0.14921875 0.1078125
0 0.82109375 0.5609375 0.05546875 0.09375
0 0.62109375 0.3484375 0.05078125 0.1203125
0 0.66015625 0.53359375 0.06953125 0.125
0 0.7234375 0.56015625 0.0484375 0.09140625
0 0.24765625 0.68125 0.0484375 0.084375
0 0.30859375 0.7015625 0.06953125 0.1203125
0 0.196875 0.75 0.03828125 0.09140625
0 0.2515625 0.84609375 0.040625 0.09140625
0 0.2484375 0.49375 0.06484375 0.06484375
0 0.553125 0.4046875 0.0671875 0.165625
0 0.75625 0.38359375 0.05078125 0.1609375
0 0.53828125 0.790625 0.1390625 0.10078125
0 0.67890625 0.89453125 0.11328125 0.134375
0 0.46015625 0.6875 0.05078125 0.08671875
0 0.39453125 0.67578125 0.0671875 0.09140625
0 0.2234375 0.6109375 0.0625 0.09140625
0 0.25234375 0.38828125 0.0671875 0.103125
0 0.2875 0.32421875 0.07421875 0.1296875
0 0.0828125 0.53984375 0.11796875 0.19921875
0 0.0515625 0.7640625 0.103125 0.178125
0 0.35 0.928125 0.165625 0.125
0 0.39453125 0.8109375 0.14921875 0.15625
0 0.41484375 0.78515625 0.06953125 0.1078125