0 0.53515625 0.65625 0.1515625 0.1296875
0 0.58515625 0.55546875 0.05078125 0.09140625
0 0.1296875 0.94921875 0.03828125 0.08203125
0 0.1453125 0.82421875 0.05078125 0.09140625
0 0.18046875 0.8453125 0.03828125 0.06953125
0 0.4046875 0.475 0.05078125 0.05078125
0 0.4 0.58671875 0.06015625 0.1109375
0 0.67578125 0.6453125 0.09140625 0.06953125
0 0.9203125 0.5265625 0.1390625 0.1109375
0 0.82109375 0.56015625 0.06015625 0.10078125
0 0.6265625 0.35078125 0.05078125 0.1203125
0 0.66015625 0.5359375 0.06015625 0.1296875
0 0.725 0.56484375 0.05078125 0.09140625
0 0.24609375 0.68046875 0.05078125 0.08203125
0 0.30625 0.69921875 0.06953125 0.1203125
0 0.19921875 0.75 0.03828125 0.10078125
0 0.25 0.8453125 0.03828125 0.0890625
0 0.2515625 0.49609375 0.06015625 0.06953125
0 0.55625 0.4046875 0.06953125 0.1703125
0 0.75625 0.3796875 0.05078125 0.15859375
0 0.540625 0.78984375 0.1390625 0.0984375
0 0.67578125 0.896875 0.1109375 0.1296875
0 0.46015625 0.68984375 0.06015625 0.08203125
0 0.3953125 0.67578125 0.06953125 0.09140625
0 0.225 0.6109375 0.06953125 0.10078125
0 0.25625 0.3890625 0.06953125 0.10078125
0 0.28984375 0.32421875 0.0796875 0.1296875
0 0.08203125 0.53984375 0.1203125 0.19921875
0 0.05078125 0.7609375 0.10078125 0.18046875
0 0.35 0.93046875 0.1609375 0.1203125
0 0.3953125 0.81015625 0.1515625 0.15859375
0 0.41484375 0.7859375 0.06953125 0.1109375