0 0.53515625 0.6546875 0.15 0.1296875
0 0.58515625 0.5546875 0.05 0.08984375
0 0.1296875 0.95 0.03984375 0.0796875
0 0.1453125 0.825 0.05 0.08984375
0 0.1796875 0.8453125 0.03984375 0.0703125
0 0.4046875 0.475 0.05 0.05
0 0.4 0.58515625 0.06015625 0.11015625
0 0.675 0.6453125 0.08984375 0.0703125
0 0.9203125 0.525 0.13984375 0.11015625
0 0.8203125 0.56015625 0.06015625 0.1
0 0.625 0.35 0.05 0.1203125
0 0.66015625 0.53515625 0.06015625 0.1296875
0 0.725 0.56484375 0.05 0.08984375
0 0.2453125 0.6796875 0.05 0.0796875
0 0.3046875 0.7 0.0703125 0.1203125
0 0.2 0.75 0.03984375 0.1
0 0.25 0.8453125 0.03984375 0.08984375
0 0.25 0.4953125 0.06015625 0.0703125
0 0.5546875 0.4046875 0.0703125 0.1703125
0 0.7546875 0.3796875 0.05 0.16015625
0 0.53984375 0.78984375 0.13984375 0.1
0 0.675 0.8953125 0.11015625 0.1296875
0 0.46015625 0.68984375 0.06015625 0.0796875
0 0.3953125 0.675 0.0703125 0.08984375
0 0.225 0.61015625 0.0703125 0.1
0 0.2546875 0.38984375 0.0703125 0.1
0 0.28984375 0.325 0.0796875 0.1296875
0 0.0796875 0.53984375 0.1203125 0.2
0 0.05 0.76015625 0.1 0.1796875
0 0.35 0.9296875 0.16015625 0.1203125
0 0.3953125 0.81015625 0.15 0.16015625
0 0.41484375 0.78515625 0.0703125 0.11015625