0 0.38984375 0.4296875 0.13984375 0.06015625
0 0.0796875 0.225 0.1203125 0.11015625
0 0.4796875 0.2703125 0.16015625 0.0796875
0 0.6453125 0.8046875 0.08984375 0.11015625
0 0.58984375 0.4703125 0.0796875 0.1
0 0.5796875 0.1546875 0.1796875 0.18984375
0 0.6953125 0.2796875 0.2296875 0.1
0 0.7453125 0.48984375 0.25 0.06015625
0 0.4796875 0.6546875 0.16015625 0.08984375
0 0.53515625 0.76484375 0.2703125 0.08984375
0 0.28515625 0.83984375 0.18984375 0.1203125
0 0.7296875 0.71015625 0.0796875 0.1
0 0.925 0.56015625 0.1296875 0.1203125
0 0.8296875 0.6953125 0.1 0.1296875
0 0.76484375 0.55 0.15 0.13984375