0 0.3921875 0.4265625 0.134375 0.06015625
0 0.0796875 0.2234375 0.115625 0.10546875
0 0.478125 0.27265625 0.16328125 0.084375
0 0.6453125 0.8078125 0.0890625 0.10546875
0 0.5921875 0.46640625 0.084375 0.10078125
0 0.58046875 0.15625 0.17578125 0.1921875
0 0.69609375 0.2796875 0.2328125 0.0984375
0 0.74609375 0.49140625 0.24765625 0.06015625
0 0.48203125 0.65625 0.15625 0.09609375
0 0.5375 0.7640625 0.2671875 0.09609375
0 0.2859375 0.83984375 0.196875 0.11328125
0 0.72578125 0.7078125 0.08203125 0.103125
0 0.92578125 0.5578125 0.1390625 0.10546875
0 0.834375 0.69609375 0.10078125 0.12734375
0 0.7640625 0.5515625 0.15859375 0.13203125