0 0.05625 0.27421875 0.1125 0.1234375
0 0.44921875 0.2765625 0.1734375 0.10078125
0 0.665625 0.25703125 0.2453125 0.12734375
0 0.38125 0.43984375 0.1421875 0.0765625
0 0.58671875 0.4546875 0.09375 0.1078125
0 0.7671875 0.51796875 0.1734375 0.1515625
0 0.5 0.65625 0.16796875 0.115625
0 0.853125 0.65234375 0.115625 0.13671875
0 0.75703125 0.68125 0.09375 0.11328125
0 0.56875 0.75703125 0.27421875 0.1296875
0 0.68046875 0.7859375 0.10078125 0.115625
0 0.3265625 0.86328125 0.209375 0.134375
0 0.5375 0.14921875 0.196875 0.2140625