0 0.31875 0.159375 0.0796875 0.08125
0 0.41015625 0.23359375 0.090625 0.0484375
0 0.12109375 0.2484375 0.0328125 0.0609375
0 0.18046875 0.2546875 0.0640625 0.06953125
0 0.36171875 0.390625 0.053125 0.0828125
0 0.59453125 0.39921875 0.0421875 0.0984375
0 0.6453125 0.45859375 0.0859375 0.046875
0 0.14609375 0.4796875 0.096875 0.1765625
0 0.0734375 0.48671875 0.059375 0.1296875
0 0.084375 0.0625 0.0859375 0.0921875
0 0.36015625 0.06484375 0.0796875 0.1234375
0 0.3546875 0.74453125 0.0828125 0.09375
0 0.846875 0.75390625 0.09375 0.115625
0 0.58515625 0.7765625 0.1140625 0.16875
0 0.69453125 0.78203125 0.0875 0.146875
0 0.8015625 0.82421875 0.0890625 0.0984375
0 0.94921875 0.88359375 0.0953125 0.0703125
0 0.81484375 0.91953125 0.1203125 0.0828125
0 0.1625 0.0984375 0.0703125 0.065625
0 0.85546875 0.12578125 0.1515625 0.2328125
0 0.071875 0.13203125 0.0921875 0.04375
0 0.409375 0.15078125 0.084375 0.0765625