0 0.60546875 0.759375 0.0765625 0.16328125
0 0.42578125 0.50390625 0.08671875 0.13203125
0 0.8421875 0.86171875 0.0984375 0.271875
0 0.8796875 0.725 0.1296875 0.084375
0 0.81015625 0.57578125 0.115625 0.06953125
0 0.22578125 0.47734375 0.125 0.19921875
0 0.0796875 0.8421875 0.134375 0.28125
0 0.20546875 0.67890625 0.06015625 0.0796875
0 0.23828125 0.80625 0.08671875 0.209375
0 0.30625 0.6625 0.0796875 0.084375
0 0.353125 0.63203125 0.10546875 0.10546875
0 0.43359375 0.85 0.103125 0.28125
0 0.725 0.7859375 0.0984375 0.27421875