0 0.6046875 0.76015625 0.0703125 0.16015625
0 0.425 0.5046875 0.08984375 0.1296875
0 0.83984375 0.86015625 0.1 0.26015625
0 0.875 0.725 0.1296875 0.08984375
0 0.81015625 0.575 0.1203125 0.0703125
0 0.225 0.4796875 0.1296875 0.2
0 0.0796875 0.83984375 0.13984375 0.2796875
0 0.2046875 0.6796875 0.0703125 0.0796875
0 0.23515625 0.8046875 0.08984375 0.21015625
0 0.31015625 0.66015625 0.0796875 0.0796875
0 0.3546875 0.6296875 0.11015625 0.1
0 0.43515625 0.85 0.11015625 0.2796875
0 0.7203125 0.78515625 0.1 0.2703125