0 0.8125 0.17421875 0.10078125 0.13203125
0 0.21640625 0.228125 0.3125 0.134375
0 0.91328125 0.25390625 0.1203125 0.11328125
0 0.8453125 0.38203125 0.19921875 0.134375
0 0.64296875 0.3734375 0.146875 0.13203125
0 0.1703125 0.4109375 0.26953125 0.1828125
0 0.4890625 0.49375 0.24296875 0.0984375
0 0.2875 0.56875 0.17578125 0.1078125
0 0.73828125 0.6296875 0.22109375 0.22109375
0 0.5890625 0.6453125 0.2015625 0.21875
0 0.7390625 0.74296875 0.2328125 0.134375
0 0.41953125 0.74765625 0.228125 0.14453125
0 0.39765625 0.8921875 0.30078125 0.134375
0 0.553125 0.12734375 0.16328125 0.14921875