3 0.5140625 0.49609375 0.240625 0.0890625
3 0.4078125 0.64296875 0.19453125 0.2140625
3 0.36640625 0.37109375 0.1421875 0.12734375
3 0.57578125 0.7515625 0.21875 0.13671875
3 0.2546875 0.7359375 0.23046875 0.1296875
3 0.259375 0.62265625 0.21171875 0.21171875
3 0.79453125 0.2390625 0.30546875 0.12265625
3 0.83515625 0.4234375 0.26171875 0.1734375
3 0.4625 0.1265625 0.15625 0.1421875
3 0.16015625 0.37109375 0.19453125 0.12734375
3 0.59140625 0.89453125 0.29296875 0.1203125
3 0.7140625 0.5765625 0.1734375 0.10078125
3 0.1828125 0.16328125 0.09609375 0.1296875
3 0.09765625 0.24140625 0.11796875 0.1078125