0 0.21171875 0.153125 0.1015625 0.1328125
0 0.8015625 0.2484375 0.3109375 0.1359375
0 0.1046875 0.225 0.121875 0.1125
0 0.1640625 0.3578125 0.1984375 0.134375
0 0.36796875 0.36484375 0.146875 0.1328125
0 0.83515625 0.4328125 0.26875 0.1828125
0 0.5125 0.4953125 0.2421875 0.096875
0 0.70859375 0.5828125 0.175 0.1078125
0 0.253125 0.6125 0.2203125 0.2203125
0 0.4015625 0.63828125 0.203125 0.21875
0 0.24453125 0.725 0.2328125 0.1359375
0 0.56484375 0.75234375 0.228125 0.1453125
0 0.575 0.896875 0.3 0.134375
0 0.47421875 0.12421875 0.1625 0.1484375