0 0.81171875 0.17421875 0.1015625 0.1328125
0 0.21640625 0.228125 0.3109375 0.1359375
0 0.91328125 0.253125 0.121875 0.1125
0 0.8453125 0.38125 0.1984375 0.134375
0 0.64140625 0.37421875 0.146875 0.1328125
0 0.1703125 0.409375 0.26875 0.1828125
0 0.4875 0.49375 0.2421875 0.096875
0 0.2859375 0.56796875 0.175 0.1078125
0 0.73828125 0.6296875 0.2203125 0.2203125
0 0.5890625 0.64453125 0.203125 0.21875
0 0.7390625 0.7421875 0.2328125 0.1359375
0 0.41796875 0.74765625 0.228125 0.1453125
0 0.396875 0.890625 0.3 0.134375
0 0.55234375 0.1265625 0.1625 0.1484375