1 0.634375 0.24140625 0.09140625 0.09375
1 0.38359375 0.6578125 0.084375 0.1421875
1 0.7078125 0.18515625 0.0796875 0.1203125
1 0.06953125 0.5109375 0.134375 0.2671875
1 0.11171875 0.70078125 0.11796875 0.11328125
1 0.12734375 0.8328125 0.08203125 0.1421875
1 0.18515625 0.8546875 0.0625 0.17578125
1 0.26796875 0.9234375 0.103125 0.14921875
1 0.37109375 0.94140625 0.06953125 0.11328125
1 0.73828125 0.80390625 0.08203125 0.11328125
1 0.84765625 0.64765625 0.06015625 0.11328125
1 0.6578125 0.47578125 0.11328125 0.15390625
1 0.6828125 0.62109375 0.04296875 0.084375
1 0.5625 0.4078125 0.0671875 0.06484375
1 0.7984375 0.23671875 0.1734375 0.12265625
1 0.71171875 0.39296875 0.09140625 0.1703125
1 0.5984375 0.76328125 0.0578125 0.06015625
1 0.446875 0.81484375 0.0671875 0.0671875
1 0.52421875 0.6453125 0.0578125 0.06484375
1 0.3109375 0.6984375 0.06484375 0.1078125
1 0.22265625 0.68125 0.0796875 0.12734375