1 0.63515625 0.23984375 0.08984375 0.1
1 0.3796875 0.66015625 0.0796875 0.13984375
1 0.71015625 0.18984375 0.0796875 0.1203125
1 0.0703125 0.51015625 0.13984375 0.26015625
1 0.11015625 0.7 0.1203125 0.1203125
1 0.1296875 0.8296875 0.0796875 0.13984375
1 0.18515625 0.8546875 0.0703125 0.1703125
1 0.2703125 0.9203125 0.1 0.13984375
1 0.375 0.93984375 0.0703125 0.1
1 0.73984375 0.8046875 0.0796875 0.11015625
1 0.85 0.6453125 0.06015625 0.11015625
1 0.6546875 0.475 0.11015625 0.15
1 0.6796875 0.6203125 0.03984375 0.0796875
1 0.56484375 0.4046875 0.0703125 0.0703125
1 0.8 0.23515625 0.1796875 0.1296875
1 0.71484375 0.3953125 0.08984375 0.1703125
1 0.6 0.76015625 0.06015625 0.06015625
1 0.4453125 0.81484375 0.0703125 0.0703125
1 0.525 0.6453125 0.05 0.0703125
1 0.31015625 0.6953125 0.06015625 0.11015625
1 0.2203125 0.68515625 0.0796875 0.1296875