0 0.22578125 0.68359375 0.15390625 0.07421875
0 0.6078125 0.6234375 0.103125 0.0796875
0 0.16015625 0.62890625 0.1921875 0.1078125
0 0.4515625 0.6 0.13671875 0.134375
0 0.45703125 0.49296875 0.1703125 0.14453125
0 0.5890625 0.428125 0.05078125 0.06953125
0 0.18125 0.41015625 0.178125 0.16796875
0 0.46875 0.39453125 0.0890625 0.178125
0 0.69609375 0.34765625 0.0765625 0.11328125
0 0.53359375 0.2390625 0.0765625 0.0671875
0 0.4671875 0.2390625 0.1078125 0.1296875
0 0.63203125 0.22109375 0.0890625 0.08203125
0 0.69140625 0.19453125 0.11796875 0.146875
0 0.51953125 0.15234375 0.084375 0.0765625
0 0.6203125 0.14765625 0.084375 0.05078125
0 0.12109375 0.15625 0.17578125 0.27890625
0 0.64375 0.05625 0.115625 0.1125
0 0.48203125 0.0484375 0.12265625 0.09609375