0 0.50859375 0.953125 0.11796875 0.0890625
0 0.44609375 0.40234375 0.13203125 0.12734375
0 0.60234375 0.37265625 0.0984375 0.071875
0 0.475 0.24140625 0.0796875 0.17578125
0 0.3265625 0.80859375 0.14453125 0.24765625
0 0.66796875 0.94140625 0.10546875 0.11328125
0 0.7046875 0.64296875 0.071875 0.1078125
0 0.2171875 0.3328125 0.1515625 0.06484375
0 0.15390625 0.390625 0.1875 0.0984375
0 0.484375 0.72578125 0.103125 0.125
0 0.53828125 0.84609375 0.08203125 0.071875
0 0.6390625 0.84765625 0.08203125 0.0453125
0 0.646875 0.77265625 0.08671875 0.07421875
0 0.546875 0.759375 0.07421875 0.0625
0 0.4578125 0.509375 0.165625 0.134375
0 0.59375 0.56875 0.0484375 0.06484375
0 0.7078125 0.7953125 0.1078125 0.1390625
0 0.1875 0.6046875 0.16796875 0.15625
0 0.140625 0.86328125 0.1609375 0.26953125