0 0.3578125 0.16328125 0.053125 0.0578125
0 0.35703125 0.3703125 0.040625 0.0625
0 0.5265625 0.196875 0.03828125 0.0578125
0 0.54453125 0.3328125 0.0453125 0.06953125
0 0.6234375 0.24609375 0.0453125 0.05546875
0 0.6609375 0.2046875 0.03828125 0.03359375
0 0.25 0.4046875 0.0765625 0.06484375
0 0.1828125 0.37109375 0.09609375 0.09375
0 0.28828125 0.26328125 0.071875 0.05546875
0 0.39765625 0.3546875 0.040625 0.0890625
0 0.13125 0.84609375 0.084375 0.14921875
0 0.084375 0.74765625 0.0578125 0.09140625
0 0.67890625 0.7171875 0.103125 0.18046875
0 0.5890625 0.5671875 0.10546875 0.14921875
0 0.66328125 0.35078125 0.053125 0.0484375
0 0.41796875 0.2390625 0.071875 0.06015625
0 0.34609375 0.28515625 0.03828125 0.05078125