0 0.4421875 0.1390625 0.06484375 0.06953125
0 0.29453125 0.1109375 0.05546875 0.06484375
0 0.5984375 0.2125 0.05078125 0.0671875
0 0.72734375 0.2515625 0.0453125 0.04296875
0 0.4828125 0.22578125 0.0890625 0.07421875
0 0.35234375 0.2171875 0.084375 0.071875
0 0.4015625 0.25390625 0.05078125 0.06015625
0 0.584375 0.3484375 0.06484375 0.0796875
0 0.69453125 0.39453125 0.0625 0.0578125
0 0.4359375 0.334375 0.0625 0.0984375
0 0.22265625 0.296875 0.115625 0.115625
0 0.3921875 0.3390625 0.053125 0.06953125
0 0.709375 0.4546875 0.09140625 0.084375
0 0.56875 0.5875 0.1390625 0.1703125
0 0.0375 0.6390625 0.07421875 0.103125
0 0.05859375 0.7453125 0.1171875 0.1625
0 0.46484375 0.08671875 0.071875 0.06484375