0 0.30625 0.80859375 0.0578125 0.06484375
0 0.15859375 0.77734375 0.053125 0.0625
0 0.478125 0.803125 0.0453125 0.0625
0 0.61171875 0.81875 0.04296875 0.03828125
0 0.37734375 0.7453125 0.084375 0.06953125
0 0.25390625 0.7015625 0.08203125 0.0671875
0 0.3125 0.6890625 0.0484375 0.0578125
0 0.51796875 0.671875 0.06015625 0.07421875
0 0.63671875 0.6734375 0.0578125 0.05546875
0 0.3765625 0.62890625 0.05546875 0.09609375
0 0.165625 0.578125 0.1109375 0.1078125
0 0.3375 0.60546875 0.0484375 0.0671875
0 0.67578125 0.6234375 0.08671875 0.0765625
0 0.59765625 0.44609375 0.12734375 0.16328125
0 0.1265625 0.18984375 0.071875 0.0984375
0 0.18984375 0.10078125 0.10546875 0.1609375
0 0.30625 0.86640625 0.06953125 0.0625