0 0.3546875 0.16484375 0.05 0.05
0 0.36015625 0.3703125 0.03984375 0.06015625
0 0.5296875 0.2 0.03984375 0.06015625
0 0.5453125 0.33515625 0.05 0.0703125
0 0.625 0.2453125 0.05 0.05
0 0.66015625 0.2046875 0.03984375 0.0296875
0 0.25 0.4046875 0.0796875 0.0703125
0 0.1796875 0.3703125 0.1 0.1
0 0.28984375 0.26015625 0.0796875 0.06015625
0 0.4 0.3546875 0.03984375 0.08984375
0 0.1296875 0.8453125 0.0796875 0.15
0 0.0796875 0.7453125 0.06015625 0.08984375
0 0.6796875 0.7203125 0.1 0.1796875
0 0.58984375 0.56484375 0.1 0.15
0 0.66484375 0.35 0.05 0.03984375
0 0.41484375 0.23984375 0.0703125 0.06015625
0 0.3453125 0.28515625 0.0296875 0.05