0 0.58515625 0.81953125 0.08203125 0.0671875
0 0.30625 0.69140625 0.0625 0.06484375
0 0.3296875 0.6 0.07421875 0.11796875
0 0.38828125 0.553125 0.09375 0.10546875
0 0.5421875 0.540625 0.0984375 0.09140625
0 0.93984375 0.52734375 0.11796875 0.13203125
0 0.459375 0.42578125 0.08203125 0.10546875
0 0.6109375 0.39296875 0.125 0.1390625
0 0.93046875 0.43984375 0.13203125 0.1203125
0 0.53125 0.30859375 0.10078125 0.1734375
0 0.49609375 0.18046875 0.06953125 0.06953125
0 0.49375 0.125 0.0671875 0.053125
0 0.49609375 0.0796875 0.06953125 0.09375
0 0.51953125 0.8609375 0.071875 0.12265625