0 0.61328125 0.1890625 0.0765625 0.0625
0 0.32421875 0.2921875 0.0578125 0.0578125
0 0.3390625 0.3859375 0.0671875 0.115625
0 0.39296875 0.4390625 0.08671875 0.10078125
0 0.5453125 0.4625 0.09140625 0.08671875
0 0.94375 0.5109375 0.1109375 0.12265625
0 0.453125 0.57109375 0.07421875 0.10078125
0 0.60078125 0.61640625 0.115625 0.13203125
0 0.9234375 0.59765625 0.12265625 0.1109375
0 0.5140625 0.69375 0.0890625 0.16796875
0 0.4671875 0.81875 0.0671875 0.06484375
0 0.46171875 0.8734375 0.06484375 0.0484375
0 0.46015625 0.91796875 0.0625 0.0890625
0 0.55078125 0.14296875 0.0625 0.11796875