0 0.6453125 0.2046875 0.0703125 0.05
0 0.58515625 0.15 0.05 0.1203125
0 0.41484375 0.91015625 0.05 0.0796875
0 0.4296875 0.81015625 0.06015625 0.06015625
0 0.4203125 0.8703125 0.06015625 0.03984375
0 0.93984375 0.5546875 0.1 0.11015625
0 0.91015625 0.63984375 0.1203125 0.1
0 0.4453125 0.56484375 0.0703125 0.08984375
0 0.4 0.4296875 0.0796875 0.1
0 0.35 0.3703125 0.06015625 0.1203125
0 0.3453125 0.275 0.05 0.05
0 0.55 0.4703125 0.0796875 0.0796875
0 0.58984375 0.6296875 0.1 0.1203125
0 0.4953125 0.6953125 0.0703125 0.1296875