0 0.6453125 0.20546875 0.06953125 0.05078125
0 0.58515625 0.1515625 0.05078125 0.1203125
0 0.41484375 0.91015625 0.05078125 0.0796875
0 0.43125 0.8109375 0.06015625 0.06015625
0 0.41953125 0.8703125 0.06015625 0.03828125
0 0.93984375 0.55546875 0.10078125 0.1109375
0 0.9109375 0.6390625 0.1203125 0.10078125
0 0.44609375 0.56484375 0.06953125 0.09140625
0 0.4 0.43046875 0.0796875 0.10078125
0 0.35 0.3703125 0.06015625 0.1203125
0 0.3453125 0.275 0.05078125 0.05078125
0 0.55078125 0.4703125 0.08203125 0.0796875
0 0.58984375 0.6296875 0.0984375 0.1203125
0 0.49609375 0.69453125 0.06953125 0.1296875