0 0.54375 0.61328125 0.1703125 0.07265625
0 0.6171875 0.23671875 0.08515625 0.09296875
0 0.4828125 0.3859375 0.06171875 0.065625
0 0.2296875 0.40234375 0.10234375 0.125
0 0.3328125 0.33984375 0.10234375 0.08203125
0 0.13046875 0.45078125 0.1296875 0.05234375
0 0.071875 0.41875 0.08203125 0.06171875
0 0.16328125 0.52578125 0.12578125 0.11328125
0 0.1203125 0.609375 0.10546875 0.059375
0 0.15234375 0.6640625 0.065625 0.06171875
0 0.196875 0.6109375 0.0453125 0.06328125
0 0.11015625 0.84765625 0.1125 0.08984375
0 0.190625 0.83828125 0.0734375 0.0734375
0 0.30546875 0.9015625 0.07265625 0.09375
0 0.2578125 0.9609375 0.10234375 0.078125
0 0.30546875 0.74921875 0.15625 0.0953125
0 0.19921875 0.69375 0.059375 0.06171875
0 0.2953125 0.49296875 0.09765625 0.05390625
0 0.36796875 0.44765625 0.0640625 0.075
0 0.225 0.546875 0.06640625 0.0578125
0 0.3140625 0.28125 0.05703125 0.03828125
0 0.21484375 0.22578125 0.10703125 0.0609375
0 0.39765625 0.25234375 0.1203125 0.075
0 0.27890625 0.14296875 0.09921875 0.05
0 0.4296875 0.175 0.0984375 0.03828125
0 0.4609375 0.04296875 0.075 0.06328125
0 0.16328125 0.1421875 0.05703125 0.0453125
0 0.2015625 0.2953125 0.09453125 0.06015625
0 0.42421875 0.3421875 0.0703125 0.034375
0 0.5296875 0.28984375 0.05234375 0.02578125
0 0.4640625 0.234375 0.0625 0.02578125
0 0.53125 0.2375 0.06171875 0.0296875
0 0.55625 0.34375 0.05078125 0.06484375
0 0.56484375 0.45625 0.075 0.0578125
0 0.49296875 0.51015625 0.07109375 0.04921875
0 0.3515625 0.5609375 0.11171875 0.12109375
0 0.36484375 0.6609375 0.08125 0.06171875
0 0.4203125 0.62265625 0.0421875 0.04765625
0 0.5140625 0.7078125 0.16484375 0.06484375
0 0.4359375 0.85 0.134375 0.14296875
0 0.3390625 0.9234375 0.08203125 0.0703125
0 0.525 0.9359375 0.09375 0.053125
0 0.64140625 0.96796875 0.0796875 0.0640625
0 0.5671875 0.91171875 0.06015625 0.0328125
0 0.24765625 0.63125 0.0484375 0.05859375
0 0.45703125 0.678125 0.09140625 0.0453125
0 0.52890625 0.86640625 0.10546875 0.06015625
0 0.709375 0.91328125 0.09765625 0.06171875
0 0.6953125 0.865625 0.05703125 0.03515625
0 0.578125 0.82578125 0.0953125 0.06015625
0 0.58203125 0.78203125 0.09296875 0.0328125
0 0.659375 0.79921875 0.0703125 0.03671875
0 0.671875 0.5171875 0.14765625 0.0671875
0 0.6171875 0.48203125 0.08828125 0.0453125
0 0.60390625 0.33046875 0.0484375 0.0546875
0 0.5375 0.1703125 0.084375 0.04296875
0 0.63125 0.17265625 0.065625 0.0375
0 0.6765625 0.37421875 0.07890625 0.0421875
0 0.59375 0.39296875 0.075 0.0578125
0 0.6328125 0.43359375 0.065625 0.06171875
0 0.30390625 0.834375 0.06875 0.03515625
0 0.32421875 0.79609375 0.07578125 0.03828125
0 0.51328125 0.32421875 0.04453125 0.05078125
0 0.18125 0.94609375 0.05 0.046875
0 0.10390625 0.94375 0.04140625 0.040625
0 0.1015625 0.79296875 0.0546875 0.0203125
0 0.75703125 0.1 0.125 0.07109375
0 0.8546875 0.05390625 0.14609375 0.090625
0 0.87109375 0.10078125 0.13359375 0.059375
0 0.70078125 0.17265625 0.065625 0.0328125
0 0.7421875 0.2671875 0.06796875 0.0375
0 0.8375 0.26171875 0.06796875 0.03125
0 0.7796875 0.41875 0.0984375 0.11640625
0 0.77109375 0.49609375 0.04921875 0.0578125
0 0.796875 0.684375 0.07890625 0.0796875
0 0.6515625 0.63828125 0.0453125 0.05859375
0 0.73203125 0.7078125 0.06328125 0.06640625
0 0.81328125 0.75546875 0.09375 0.0453125
0 0.778125 0.80078125 0.06484375 0.05234375
0 0.6640625 0.7609375 0.0375 0.04609375
0 0.58828125 0.76171875 0.0953125 0.03671875
0 0.64140625 0.9234375 0.04296875 0.03515625
0 0.78828125 0.8609375 0.09140625 0.0578125
0 0.80234375 0.91953125 0.0375 0.02734375
0 0.88046875 0.75 0.05078125 0.046875
0 0.8671875 0.6015625 0.0609375 0.034375
0 0.92109375 0.55625 0.053125 0.06171875
0 0.7390625 0.55703125 0.084375 0.0359375
0 0.8015625 0.6421875 0.10859375 0.0453125
0 0.825 0.34609375 0.06328125 0.02890625
0 0.7171875 0.35390625 0.071875 0.05234375
0 0.76796875 0.203125 0.0375 0.04140625
0 0.871875 0.165625 0.1234375 0.053125
0 0.91953125 0.2625 0.0890625 0.12734375
0 0.865625 0.4390625 0.08515625 0.1203125
0 0.94375 0.6953125 0.05546875 0.03984375
0 0.74375 0.05234375 0.065625 0.04140625
0 0.915625 0.653125 0.04921875 0.05
0 0.91328125 0.96875 0.040625 0.05234375
0 0.95546875 0.9703125 0.0703125 0.04765625