0 0.8359375 0.32421875 0.22265625 0.1421875
0 0.2328125 0.52109375 0.1546875 0.134375
0 0.75703125 0.69609375 0.13828125 0.09140625
0 0.821875 0.89921875 0.11484375 0.08203125
0 0.4859375 0.80859375 0.134375 0.03984375
0 0.41875 0.8640625 0.09140625 0.02578125
0 0.2046875 0.8859375 0.31640625 0.09453125
0 0.31328125 0.4609375 0.11640625 0.0734375
0 0.59453125 0.5296875 0.09609375 0.07265625
0 0.63515625 0.83984375 0.16171875 0.06875
0 0.93125 0.76015625 0.1359375 0.07734375
0 0.3625 0.97109375 0.10859375 0.0578125