0 0.35390625 0.56640625 0.11171875 0.2734375
0 0.26953125 0.4953125 0.084375 0.19453125
0 0.16171875 0.6203125 0.0953125 0.25703125
0 0.39609375 0.37265625 0.14375 0.07578125
0 0.37890625 0.309375 0.14453125 0.08125
0 0.20546875 0.29765625 0.121875 0.08828125
0 0.19296875 0.24453125 0.13125 0.128125
0 0.221875 0.91171875 0.13203125 0.17578125
0 0.19609375 0.77109375 0.13984375 0.12890625
0 0.2421875 0.6828125 0.11171875 0.08125
0 0.35390625 0.90703125 0.1125 0.18515625
0 0.39609375 0.7609375 0.109375 0.1265625
0 0.45703125 0.8125 0.06953125 0.1375
0 0.53203125 0.8921875 0.1296875 0.215625
0 0.54765625 0.6265625 0.121875 0.21796875
0 0.6265625 0.61484375 0.10859375 0.1953125
0 0.59296875 0.46171875 0.15 0.0953125
0 0.51875 0.36640625 0.06796875 0.12734375
0 0.38828125 0.0984375 0.0703125 0.07890625
0 0.78125 0.71328125 0.10625 0.26796875
0 0.89140625 0.453125 0.1828125 0.16015625
0 0.91484375 0.6234375 0.11328125 0.12734375
0 0.7109375 0.39375 0.07890625 0.05703125
0 0.61875 0.315625 0.146875 0.11171875
0 0.6421875 0.17421875 0.0796875 0.08359375
0 0.4609375 0.20546875 0.10078125 0.115625
0 0.33203125 0.25 0.1109375 0.0453125
0 0.43671875 0.57890625 0.06953125 0.16484375
0 0.67734375 0.8890625 0.05546875 0.140625
0 0.62109375 0.77421875 0.06640625 0.06328125
0 0.28828125 0.775 0.0390625 0.040625
0 0.33203125 0.77109375 0.03046875 0.03515625
0 0.53515625 0.69140625 0.0890625 0.0953125
0 0.4859375 0.7125 0.03984375 0.06875
0 0.6015625 0.83828125 0.05625 0.0609375
0 0.70625 0.76796875 0.0703125 0.07109375
0 0.93203125 0.5640625 0.07890625 0.096875
0 0.8109375 0.49921875 0.04375 0.04765625
0 0.91953125 0.25859375 0.090625 0.14296875
0 0.84296875 0.23125 0.065625 0.12421875
0 0.475 0.43671875 0.028125 0.06875
0 0.32734375 0.6375 0.04609375 0.0375
0 0.4703125 0.0359375 0.034375 0.0625
0 0.77265625 0.25078125 0.0421875 0.0296875