3 0.35546875 0.55078125 0.1109375 0.240625
3 0.2640625 0.49140625 0.09140625 0.18046875
3 0.16484375 0.615625 0.0890625 0.28828125
3 0.2359375 0.3796875 0.1296875 0.10078125
3 0.3953125 0.3890625 0.1515625 0.1203125
3 0.3609375 0.31484375 0.15859375 0.1109375
3 0.21171875 0.31484375 0.1203125 0.1109375
3 0.18984375 0.2453125 0.1203125 0.14921875
3 0.09140625 0.55546875 0.1203125 0.1296875
3 0.22578125 0.9 0.1109375 0.18046875
3 0.20703125 0.7765625 0.1296875 0.1296875
3 0.25 0.68515625 0.1203125 0.09140625
3 0.35546875 0.9046875 0.1296875 0.1703125
3 0.384375 0.790625 0.1109375 0.1390625
3 0.45546875 0.81015625 0.0890625 0.15859375
3 0.540625 0.9 0.1203125 0.18046875
3 0.56953125 0.6453125 0.08203125 0.18984375
3 0.540625 0.71640625 0.1203125 0.1109375
3 0.625 0.61640625 0.1109375 0.18984375
3 0.5953125 0.47109375 0.1515625 0.1203125
3 0.515625 0.365625 0.06953125 0.1296875
3 0.4046875 0.3890625 0.1515625 0.03828125
3 0.3859375 0.1046875 0.06953125 0.0890625
3 0.7765625 0.725 0.1109375 0.290625
3 0.875 0.4703125 0.16796875 0.1609375
3 0.915625 0.615625 0.1109375 0.14921875
3 0.90625 0.33671875 0.1296875 0.1296875
3 0.71015625 0.4 0.0984375 0.06015625
3 0.63125 0.31484375 0.19921875 0.1109375
3 0.65 0.17578125 0.0984375 0.1109375
3 0.46015625 0.20703125 0.0984375 0.1109375
3 0.34140625 0.2546875 0.1203125 0.09140625
3 0.43515625 0.56484375 0.09140625 0.21171875