0 0.3546875 0.55 0.11015625 0.23984375
0 0.26484375 0.48984375 0.08984375 0.1796875
0 0.16484375 0.61484375 0.08984375 0.28984375
0 0.23515625 0.3796875 0.1296875 0.1
0 0.3953125 0.38984375 0.15 0.1203125
0 0.36015625 0.31484375 0.16015625 0.11015625
0 0.21015625 0.31484375 0.1203125 0.11015625
0 0.18984375 0.2453125 0.1203125 0.15
0 0.08984375 0.5546875 0.1203125 0.1296875
0 0.225 0.9 0.11015625 0.1796875
0 0.2046875 0.775 0.1296875 0.1296875
0 0.25 0.68515625 0.1203125 0.08984375
0 0.3546875 0.9046875 0.1296875 0.1703125
0 0.38515625 0.78984375 0.11015625 0.13984375
0 0.4546875 0.81015625 0.08984375 0.16015625
0 0.53984375 0.9 0.1203125 0.1796875
0 0.5703125 0.6453125 0.0796875 0.18984375
0 0.53984375 0.71484375 0.1203125 0.11015625
0 0.625 0.61484375 0.11015625 0.18984375
0 0.5953125 0.4703125 0.15 0.1203125
0 0.51484375 0.36484375 0.0703125 0.1296875
0 0.4046875 0.38984375 0.15 0.03984375
0 0.38515625 0.1046875 0.0703125 0.08984375
0 0.775 0.725 0.11015625 0.28984375
0 0.875 0.4703125 0.1703125 0.16015625
0 0.91484375 0.61484375 0.11015625 0.15
0 0.9046875 0.33515625 0.1296875 0.1296875
0 0.71015625 0.4 0.1 0.06015625
0 0.6296875 0.31484375 0.2 0.11015625
0 0.65 0.175 0.1 0.11015625
0 0.46015625 0.2046875 0.1 0.11015625
0 0.33984375 0.2546875 0.1203125 0.08984375
0 0.43515625 0.56484375 0.08984375 0.21015625