0 0.65078125 0.17890625 0.1046875 0.1109375
0 0.190625 0.24453125 0.128125 0.153125
0 0.4609375 0.2453125 0.1015625 0.115625
0 0.340625 0.25234375 0.1234375 0.084375
0 0.36328125 0.31171875 0.159375 0.109375
0 0.29375 0.3125 0.1140625 0.1140625
0 0.63046875 0.315625 0.1921875 0.1125
0 0.9015625 0.3359375 0.1296875 0.1375
0 0.51796875 0.36640625 0.0671875 0.128125
0 0.2328125 0.3796875 0.128125 0.1
0 0.40625 0.3890625 0.146875 0.046875
0 0.3953125 0.38984375 0.14375 0.1109375
0 0.7109375 0.39453125 0.096875 0.0609375
0 0.87734375 0.471875 0.171875 0.1609375
0 0.5921875 0.47265625 0.15 0.11875
0 0.2625 0.48671875 0.0921875 0.18125
0 0.3546875 0.54921875 0.1125 0.24375
0 0.0890625 0.55234375 0.11875 0.134375
0 0.43515625 0.565625 0.084375 0.2125
0 0.16640625 0.61015625 0.0859375 0.290625
0 0.91484375 0.6125 0.1140625 0.1484375
0 0.6265625 0.61484375 0.109375 0.1953125
0 0.56875 0.646875 0.08125 0.19375
0 0.24921875 0.684375 0.1140625 0.090625
0 0.53828125 0.715625 0.1140625 0.1078125
0 0.77421875 0.7265625 0.10625 0.2953125
0 0.2234375 0.7765625 0.1265625 0.125
0 0.38515625 0.7875 0.1171875 0.1359375
0 0.45546875 0.81171875 0.0859375 0.1640625
0 0.53515625 0.89921875 0.121875 0.1875
0 0.22421875 0.90546875 0.1140625 0.1875
0 0.3546875 0.90859375 0.125 0.1796875
0 0.38828125 0.10234375 0.0703125 0.0890625