0 0.41484375 0.4640625 0.1796875 0.04765625
0 0.5734375 0.4765625 0.1609375 0.04296875
0 0.34765625 0.51328125 0.23359375 0.0578125
0 0.55859375 0.5625 0.19765625 0.04609375
0 0.36328125 0.57734375 0.14453125 0.05859375
0 0.95546875 0.79140625 0.08828125 0.09609375
0 0.85859375 0.71328125 0.178125 0.06015625
0 0.815625 0.646875 0.16328125 0.07109375
0 0.76640625 0.56640625 0.17109375 0.05546875
0 0.78984375 0.49375 0.10703125 0.07890625
0 0.2359375 0.3015625 0.16953125 0.05625
0 0.39375 0.22734375 0.1625 0.04296875
0 0.34453125 0.26796875 0.13984375 0.05
0 0.17421875 0.21875 0.159375 0.03203125
0 0.12265625 0.16875 0.18359375 0.03828125
0 0.7984375 0.24375 0.22421875 0.08203125
0 0.903125 0.146875 0.19375 0.04921875
0 0.575 0.26640625 0.1234375 0.0328125
0 0.62890625 0.18203125 0.1078125 0.05859375