0 0.21015625 0.7796875 0.040625 0.040625
0 0.06484375 0.93125 0.02890625 0.06015625
0 0.06484375 0.8859375 0.02890625 0.05078125
0 0.125 0.86640625 0.02890625 0.06953125
0 0.23671875 0.91953125 0.05078125 0.040625
0 0.275 0.70546875 0.03125 0.06953125
0 0.31484375 0.68125 0.02890625 0.06015625
0 0.3546875 0.69921875 0.05078125 0.03828125
0 0.30625 0.95078125 0.05078125 0.06015625
0 0.1546875 0.759375 0.03125 0.01953125
0 0.07109375 0.66015625 0.06015625 0.06015625
0 0.21484375 0.68515625 0.03125 0.02890625
0 0.0953125 0.91953125 0.03125 0.06015625
0 0.390625 0.81953125 0.06015625 0.08203125
0 0.36640625 0.75 0.06953125 0.08203125
0 0.31640625 0.775 0.06953125 0.05078125
0 0.28984375 0.86171875 0.06015625 0.06015625
0 0.16484375 0.8109375 0.03125 0.06015625
0 0.7796875 0.884375 0.21875 0.14921875
0 0.740625 0.7296875 0.240625 0.1609375
0 0.05625 0.23671875 0.05078125 0.05078125
0 0.19609375 0.41953125 0.06953125 0.0796875
0 0.19921875 0.2203125 0.03828125 0.040625
0 0.2703125 0.265625 0.040625 0.05078125
0 0.3546875 0.1546875 0.06953125 0.06953125
0 0.04453125 0.33984375 0.03125 0.0984375
0 0.30078125 0.2296875 0.03828125 0.040625
0 0.3453125 0.3015625 0.06953125 0.06015625
0 0.2796875 0.3859375 0.040625 0.06953125
0 0.2640625 0.31015625 0.02890625 0.03828125
0 0.240625 0.225 0.03828125 0.03125
0 0.13125 0.33046875 0.06015625 0.0796875
0 0.07578125 0.18046875 0.06953125 0.10078125
0 0.1453125 0.18515625 0.05078125 0.09140625
0 0.3765625 0.4046875 0.06953125 0.06953125