0 0.21015625 0.7796875 0.03984375 0.03984375
0 0.06484375 0.9296875 0.0296875 0.06015625
0 0.06484375 0.88515625 0.0296875 0.05
0 0.125 0.86484375 0.0296875 0.0703125
0 0.23515625 0.9203125 0.05 0.03984375
0 0.275 0.7046875 0.0296875 0.0703125
0 0.31484375 0.6796875 0.0296875 0.06015625
0 0.3546875 0.7 0.05 0.03984375
0 0.3046875 0.95 0.05 0.06015625
0 0.1546875 0.76015625 0.0296875 0.0203125
0 0.0703125 0.66015625 0.06015625 0.06015625
0 0.21484375 0.68515625 0.0296875 0.0296875
0 0.0953125 0.9203125 0.0296875 0.06015625
0 0.38984375 0.8203125 0.06015625 0.0796875
0 0.36484375 0.75 0.0703125 0.0796875
0 0.31484375 0.775 0.0703125 0.05
0 0.28984375 0.86015625 0.06015625 0.06015625
0 0.16484375 0.81015625 0.0296875 0.06015625
0 0.7796875 0.88515625 0.2203125 0.15
0 0.73984375 0.7296875 0.23984375 0.16015625
0 0.0546875 0.23515625 0.05 0.05
0 0.1953125 0.4203125 0.0703125 0.0796875
0 0.2 0.2203125 0.03984375 0.03984375
0 0.2703125 0.26484375 0.03984375 0.05
0 0.3546875 0.1546875 0.0703125 0.0703125
0 0.0453125 0.33984375 0.0296875 0.1
0 0.3 0.2296875 0.03984375 0.03984375
0 0.3453125 0.3 0.0703125 0.06015625
0 0.2796875 0.38515625 0.03984375 0.0703125
0 0.26484375 0.31015625 0.0296875 0.03984375
0 0.23984375 0.225 0.03984375 0.0296875
0 0.1296875 0.3296875 0.06015625 0.0796875
0 0.075 0.1796875 0.0703125 0.1
0 0.1453125 0.18515625 0.05 0.08984375
0 0.375 0.4046875 0.0703125 0.0703125