0 0.91953125 0.25703125 0.1609375 0.1484375
0 0.58046875 0.28515625 0.22421875 0.11640625
0 0.41640625 0.328125 0.3421875 0.27890625
0 0.815625 0.40390625 0.10546875 0.13125
0 0.94296875 0.48125 0.1140625 0.3125
0 0.1953125 0.52265625 0.390625 0.33828125
0 0.80234375 0.5515625 0.3953125 0.234375
0 0.84921875 0.071875 0.14765625 0.1390625
0 0.671875 0.796875 0.5125 0.40625
0 0.35859375 0.83046875 0.16640625 0.21484375
0 0.2 0.8421875 0.4 0.315625
0 0.525 0.1015625 0.65859375 0.203125
0 0.60703125 0.22890625 0.1421875 0.05078125