0 0.0625 0.3390625 0.11171875 0.0828125
0 0.84765625 0.05234375 0.06796875 0.10390625
0 0.08359375 0.05625 0.14609375 0.0796875
0 0.84140625 0.56875 0.3171875 0.5625
0 0.0796875 0.62265625 0.159375 0.35546875
0 0.459375 0.63984375 0.48828125 0.6546875
0 0.940625 0.0984375 0.11875 0.196875
0 0.303125 0.1546875 0.09453125 0.1203125
0 0.525 0.20859375 0.2453125 0.1953125
0 0.7421875 0.2375 0.09375 0.259375
0 0.23046875 0.24453125 0.19453125 0.403125
0 0.63984375 0.25 0.153125 0.3140625
0 0.8078125 0.25625 0.134375 0.1390625
0 0.1015625 0.28515625 0.06328125 0.1765625