1 0.13515625 0.41484375 0.1296875 0.2296875
1 0.18515625 0.46484375 0.0703125 0.21015625
1 0.63984375 0.3453125 0.0796875 0.25
1 0.78984375 0.4953125 0.16015625 0.1703125
1 0.825 0.6203125 0.11015625 0.13984375
1 0.7453125 0.625 0.11015625 0.11015625
1 0.68515625 0.5453125 0.0703125 0.1296875
1 0.28515625 0.36484375 0.0703125 0.05
1 0.38515625 0.36484375 0.0703125 0.0703125
1 0.3953125 0.43515625 0.0296875 0.08984375
1 0.35 0.475 0.0796875 0.05
1 0.31015625 0.63984375 0.06015625 0.13984375
1 0.25 0.5796875 0.1203125 0.26015625
1 0.36484375 0.5703125 0.08984375 0.1203125
1 0.48984375 0.43515625 0.13984375 0.11015625
1 0.575 0.475 0.0703125 0.1296875