0 0.0703125 0.43984375 0.1203125 0.1796875
0 0.6046875 0.63984375 0.11015625 0.2
0 0.925 0.66015625 0.11015625 0.16015625
0 0.83984375 0.61015625 0.06015625 0.1203125
0 0.36015625 0.31015625 0.1 0.1
0 0.0796875 0.61484375 0.0796875 0.15
0 0.13984375 0.8296875 0.1 0.13984375
0 0.2 0.6546875 0.06015625 0.15
0 0.2203125 0.4046875 0.1 0.1703125
0 0.31015625 0.1046875 0.1796875 0.1703125
0 0.5203125 0.05 0.2 0.1
0 0.85 0.1296875 0.16015625 0.1203125
0 0.88984375 0.36015625 0.1796875 0.3
0 0.6046875 0.33984375 0.1703125 0.2203125
0 0.68984375 0.38515625 0.0796875 0.1703125
0 0.8453125 0.88984375 0.11015625 0.2
0 0.625 0.8296875 0.18984375 0.1796875
0 0.31015625 0.875 0.1796875 0.2296875
0 0.35 0.725 0.1203125 0.1296875
0 0.38515625 0.58984375 0.11015625 0.1
0 0.51484375 0.58984375 0.11015625 0.1
0 0.4453125 0.8 0.08984375 0.2796875