0 0.39921875 0.353125 0.125 0.1203125
0 0.12109375 0.37890625 0.13203125 0.1203125
0 0.3640625 0.515625 0.125 0.2015625
0 0.10546875 0.72734375 0.08671875 0.1828125
0 0.078125 0.578125 0.12734375 0.146875
0 0.2171875 0.74765625 0.12265625 0.1921875
0 0.3703125 0.7046875 0.134375 0.178125
0 0.4109375 0.87109375 0.14921875 0.228125
0 0.88359375 0.446875 0.08671875 0.178125
0 0.91484375 0.22734375 0.0796875 0.1828125
0 0.7765625 0.24296875 0.134375 0.08203125
0 0.7859375 0.10546875 0.08671875 0.1421875
0 0.64921875 0.24296875 0.165625 0.3125
0 0.1046875 0.18984375 0.11796875 0.146875
0 0.17890625 0.103125 0.10078125 0.1875
0 0.24296875 0.1859375 0.09609375 0.1109375