0 0.21484375 0.68515625 0.05 0.0703125
0 0.15 0.66015625 0.0796875 0.06015625
0 0.5453125 0.475 0.0296875 0.05
0 0.5 0.81015625 0.06015625 0.06015625
0 0.45 0.83984375 0.0203125 0.06015625
0 0.575 0.86484375 0.05 0.08984375
0 0.4 0.7953125 0.06015625 0.0703125
0 0.7953125 0.7703125 0.0703125 0.06015625
0 0.81484375 0.625 0.0703125 0.0703125
0 0.35 0.7203125 0.06015625 0.0796875
0 0.63515625 0.8 0.05 0.1
0 0.71015625 0.7703125 0.06015625 0.1
0 0.38515625 0.5 0.0296875 0.0796875
0 0.4296875 0.48984375 0.03984375 0.06015625
0 0.475 0.5046875 0.0296875 0.05
0 0.5203125 0.525 0.03984375 0.05
0 0.4703125 0.675 0.03984375 0.08984375
0 0.5203125 0.725 0.06015625 0.05
0 0.575 0.56484375 0.0703125 0.05