0 0.54453125 0.84140625 0.103125 0.0625
0 0.19921875 0.68359375 0.16796875 0.15625
0 0.6546875 0.88828125 0.1078125 0.0796875
0 0.36796875 0.7953125 0.053125 0.04296875
0 0.42890625 0.83203125 0.040625 0.08671875
0 0.203125 0.85546875 0.06484375 0.09609375
0 0.2921875 0.759375 0.040625 0.0765625
0 0.21484375 0.7703125 0.06015625 0.0984375
0 0.25859375 0.8578125 0.05546875 0.1109375
0 0.2703125 0.5921875 0.11796875 0.12734375
0 0.24140625 0.43984375 0.0984375 0.08203125
0 0.30390625 0.31875 0.06953125 0.1421875
0 0.209375 0.30625 0.10078125 0.11328125
0 0.37890625 0.5359375 0.06953125 0.071875
0 0.484375 0.57109375 0.07421875 0.0796875
0 0.39765625 0.62734375 0.05546875 0.125
0 0.50859375 0.3921875 0.06484375 0.08203125
0 0.45546875 0.39765625 0.040625 0.06015625
0 0.44609375 0.3390625 0.084375 0.1109375
0 0.609375 0.4328125 0.06015625 0.16796875
0 0.6859375 0.390625 0.07421875 0.1421875
0 0.75859375 0.41015625 0.1078125 0.084375
0 0.8171875 0.6359375 0.09140625 0.12265625
0 0.62890625 0.73203125 0.0984375 0.1078125
0 0.65859375 0.56875 0.09140625 0.0984375
0 0.76171875 0.525 0.071875 0.146875