0 0.5453125 0.83984375 0.11015625 0.06015625
0 0.1953125 0.68515625 0.1703125 0.15
0 0.6546875 0.88984375 0.11015625 0.0796875
0 0.36484375 0.7953125 0.05 0.05
0 0.4296875 0.8296875 0.03984375 0.0796875
0 0.2046875 0.8546875 0.0703125 0.08984375
0 0.28984375 0.76015625 0.03984375 0.0796875
0 0.21484375 0.7703125 0.0703125 0.1
0 0.26015625 0.8546875 0.06015625 0.11015625
0 0.2703125 0.5953125 0.1203125 0.1296875
0 0.23984375 0.43984375 0.1 0.0796875
0 0.3046875 0.3203125 0.0703125 0.13984375
0 0.21015625 0.3046875 0.1 0.11015625
0 0.375 0.53515625 0.0703125 0.0703125
0 0.48515625 0.5703125 0.0703125 0.0796875
0 0.4 0.6296875 0.06015625 0.1203125
0 0.51015625 0.38984375 0.06015625 0.0796875
0 0.45 0.4 0.03984375 0.06015625
0 0.4453125 0.33515625 0.08984375 0.11015625
0 0.61015625 0.43515625 0.06015625 0.1703125
0 0.68515625 0.38984375 0.0703125 0.13984375
0 0.7546875 0.41015625 0.11015625 0.0796875
0 0.81484375 0.63515625 0.08984375 0.1296875
0 0.6296875 0.73515625 0.1 0.11015625
0 0.66015625 0.5703125 0.1 0.1
0 0.76484375 0.525 0.0703125 0.15