0 0.3234375 0.9265625 0.28125 0.11796875
0 0.625 0.82109375 0.134375 0.1421875
0 0.3921875 0.49375 0.115625 0.19921875
0 0.82578125 0.34765625 0.209375 0.1078125
0 0.6859375 0.46015625 0.11796875 0.18515625
0 0.6359375 0.375 0.11328125 0.1109375
0 0.7359375 0.27265625 0.14453125 0.07421875
0 0.2296875 0.3109375 0.13203125 0.103125
0 0.3296875 0.3890625 0.15859375 0.259375
0 0.5484375 0.45703125 0.14453125 0.22578125
0 0.5359375 0.58984375 0.16796875 0.12265625
0 0.38203125 0.75234375 0.26953125 0.21171875
0 0.9078125 0.6890625 0.18046875 0.25703125
0 0.7765625 0.8484375 0.2546875 0.259375