0 0.21640625 0.665625 0.15859375 0.1078125
0 0.71875 0.7515625 0.15625 0.134375
0 0.14921875 0.57109375 0.228125 0.15390625
0 0.33984375 0.58984375 0.13671875 0.13671875
0 0.6390625 0.6515625 0.21640625 0.290625
0 0.44453125 0.5328125 0.19453125 0.2546875
0 0.3109375 0.4953125 0.15859375 0.209375
0 0.6046875 0.53515625 0.15859375 0.22109375
0 0.48828125 0.4046875 0.1921875 0.1609375
0 0.15 0.22109375 0.240625 0.29296875
0 0.678125 0.2859375 0.3125 0.27421875
0 0.459375 0.16015625 0.165625 0.1734375
0 0.31875 0.12890625 0.3125 0.2546875
0 0.77734375 0.13125 0.303125 0.1828125