0 0.709375 0.93984375 0.0625 0.11796875
0 0.17578125 0.33203125 0.05078125 0.0453125
0 0.271875 0.51328125 0.04296875 0.12265625
0 0.40390625 0.4265625 0.06484375 0.10546875
0 0.53125 0.49296875 0.03828125 0.0453125
0 0.5625 0.4234375 0.03828125 0.0671875
0 0.51171875 0.68515625 0.009375 0.08671875
0 0.5375 0.66015625 0.021875 0.040625
0 0.5265625 0.59375 0.02890625 0.05078125
0 0.44375 0.63359375 0.0265625 0.08671875
0 0.4703125 0.634375 0.01171875 0.0484375
0 0.49140625 0.6140625 0.0140625 0.04296875
0 0.6875 0.63203125 0.02890625 0.0890625
0 0.73046875 0.609375 0.02421875 0.0671875
0 0.7828125 0.5578125 0.0140625 0.0359375
0 0.8296875 0.5671875 0.021875 0.10546875
0 0.8734375 0.54453125 0.03125 0.0796875
0 0.5921875 0.7671875 0.0359375 0.08203125