0 0.38125 0.37109375 0.32109375 0.19375
0 0.23125 0.18515625 0.1515625 0.26796875
0 0.13984375 0.26953125 0.09140625 0.18515625
0 0.18046875 0.4 0.11953125 0.13828125
0 0.28125 0.56796875 0.1359375 0.10390625
0 0.4078125 0.58515625 0.1515625 0.0734375
0 0.43125 0.71640625 0.23984375 0.196875
0 0.1890625 0.70703125 0.2765625 0.21484375
0 0.90078125 0.70625 0.09296875 0.15546875
0 0.8375 0.79375 0.1265625 0.10390625
0 0.7125 0.77109375 0.2421875 0.20546875
0 0.80078125 0.54296875 0.1734375 0.328125
0 0.7265625 0.3265625 0.14375 0.08515625
0 0.590625 0.30625 0.15546875 0.13203125
0 0.56171875 0.18515625 0.24296875 0.17421875
0 0.8015625 0.1703125 0.246875 0.2328125