0 0.51796875 0.1078125 0.19921875 0.196875
0 0.51796875 0.821875 0.084375 0.20703125
0 0.109375 0.7796875 0.209375 0.2671875
0 0.146875 0.5375 0.14921875 0.25234375
0 0.30390625 0.19453125 0.1703125 0.2546875
0 0.7875 0.25234375 0.3296875 0.240625
0 0.7078125 0.15 0.103125 0.09375
0 0.8703125 0.79296875 0.1734375 0.1296875
0 0.67890625 0.725 0.18984375 0.19921875
0 0.51953125 0.5875 0.09140625 0.24765625
0 0.3265625 0.56640625 0.1203125 0.2765625
0 0.24609375 0.31640625 0.1515625 0.2765625
0 0.41015625 0.375 0.31953125 0.23046875
0 0.7046875 0.5484375 0.26953125 0.23046875