0 0.7203125 0.55546875 0.19921875 0.09140625
0 0.59609375 0.66015625 0.1109375 0.0796875
0 0.5140625 0.82421875 0.09140625 0.1109375
0 0.6390625 0.73671875 0.10078125 0.05078125
0 0.78125 0.73671875 0.1390625 0.06953125
0 0.8609375 0.490625 0.08203125 0.08203125
0 0.790625 0.41015625 0.1203125 0.0984375
0 0.08203125 0.5453125 0.1390625 0.1109375
0 0.18046875 0.57109375 0.10078125 0.06015625
0 0.3796875 0.6203125 0.15859375 0.08203125
0 0.44453125 0.6 0.1296875 0.0796875
0 0.53515625 0.50625 0.1515625 0.06953125