0 0.2578125 0.5640625 0.1609375 0.3875
0 0.40703125 0.49765625 0.15 0.4109375
0 0.503125 0.4796875 0.08359375 0.21875
0 0.153125 0.4234375 0.18828125 0.2953125
0 0.11875 0.60703125 0.1296875 0.31875
0 0.33125 0.3953125 0.0421875 0.1
0 0.32109375 0.28671875 0.0359375 0.10546875
0 0.6453125 0.1734375 0.146875 0.1828125
0 0.74609375 0.3015625 0.13046875 0.1921875
0 0.60390625 0.425 0.14140625 0.109375
0 0.6765625 0.58515625 0.16015625 0.3234375
0 0.853125 0.44375 0.21796875 0.1703125
0 0.815625 0.6796875 0.25703125 0.34375
0 0.79140625 0.2859375 0.20234375 0.1796875
0 0.54609375 0.33125 0.1109375 0.059375