0 0.775 0.87265625 0.17578125 0.1828125
0 0.66796875 0.3296875 0.0625 0.08203125
0 0.6359375 0.36875 0.0890625 0.0796875
0 0.62734375 0.165625 0.3078125 0.14921875
0 0.21640625 0.1859375 0.428125 0.209375
0 0.12734375 0.646875 0.2546875 0.6296875
0 0.27421875 0.50859375 0.196875 0.2328125
0 0.50703125 0.4390625 0.1203125 0.12265625
0 0.40625 0.4078125 0.1109375 0.1609375
0 0.49609375 0.6671875 0.146875 0.228125
0 0.73203125 0.6296875 0.18984375 0.115625
0 0.8546875 0.72265625 0.2859375 0.146875
0 0.65625 0.80859375 0.16328125 0.21875