0 0.271875 0.11875 0.09375 0.1421875
0 0.5015625 0.2015625 0.0984375 0.07421875
0 0.78828125 0.271875 0.09375 0.0984375
0 0.35546875 0.196875 0.09140625 0.12734375
0 0.196875 0.1921875 0.09375 0.1734375
0 0.80078125 0.41015625 0.06953125 0.06953125
0 0.1359375 0.3171875 0.08203125 0.1296875
0 0.80078125 0.48828125 0.0984375 0.134375
0 0.56953125 0.45703125 0.146875 0.134375
0 0.4890625 0.4859375 0.10078125 0.115625
0 0.4046875 0.5140625 0.1390625 0.13203125
0 0.74609375 0.6734375 0.0890625 0.1078125
0 0.50703125 0.64921875 0.0796875 0.08203125
0 0.4484375 0.65234375 0.0890625 0.13671875
0 0.1875 0.6546875 0.1078125 0.1734375
0 0.4578125 0.7234375 0.12265625 0.1421875
0 0.6359375 0.1 0.08671875 0.0890625
0 0.21171875 0.775 0.209375 0.1609375
0 0.76171875 0.9359375 0.14921875 0.125
0 0.1078125 0.84609375 0.12265625 0.18515625
0 0.5171875 0.93046875 0.115625 0.1203125
0 0.3703125 0.05859375 0.084375 0.115625
0 0.55625 0.1234375 0.06015625 0.07421875