0 0.22265625 0.1625 0.146875 0.20703125
0 0.125 0.240625 0.15859375 0.146875
0 0.2953125 0.28515625 0.1828125 0.1296875
0 0.68359375 0.3796875 0.1078125 0.20703125
0 0.82421875 0.6078125 0.071875 0.1421875
0 0.74609375 0.6625 0.084375 0.15390625
0 0.29921875 0.66796875 0.071875 0.115625
0 0.646875 0.703125 0.0890625 0.1203125
0 0.90234375 0.70703125 0.06015625 0.115625
0 0.4203125 0.71484375 0.10078125 0.09140625
0 0.703125 0.8375 0.0796875 0.1296875
0 0.59375 0.86328125 0.1515625 0.18515625
0 0.6859375 0.115625 0.178125 0.22578125