0 0.1453125 0.76796875 0.09375 0.1421875
0 0.3890625 0.775 0.0984375 0.07421875
0 0.68125 0.81953125 0.09375 0.0984375
0 0.25234375 0.72578125 0.0890625 0.12734375
0 0.1046875 0.671875 0.09375 0.1734375
0 0.74375 0.69453125 0.06953125 0.06953125
0 0.09375 0.53359375 0.084375 0.1296875
0 0.77421875 0.6234375 0.0984375 0.134375
0 0.5484375 0.56640625 0.146875 0.134375
0 0.484375 0.509375 0.10078125 0.11328125
0 0.41796875 0.45078125 0.1390625 0.13203125
0 0.79296875 0.43125 0.0890625 0.1078125
0 0.5625 0.3640625 0.0796875 0.08203125
0 0.50859375 0.3390625 0.08671875 0.13671875
0 0.26796875 0.23828125 0.1078125 0.1734375
0 0.54453125 0.27734375 0.125 0.1421875
0 0.47578125 0.9234375 0.08671875 0.0890625
0 0.33515625 0.13671875 0.209375 0.1609375
0 0.91796875 0.1625 0.146875 0.1921875
0 0.26796875 0.0640625 0.125 0.12734375
0 0.6765625 0.1078125 0.115625 0.1203125
0 0.2140625 0.8609375 0.084375 0.115625
0 0.4125 0.86875 0.0578125 0.07421875