0 0.34609375 0.83046875 0.1296875 0.18046875
0 0.58046875 0.475 0.0984375 0.05078125
0 0.7296875 0.6359375 0.06015625 0.05078125
0 0.56484375 0.35078125 0.1109375 0.1390625
0 0.2359375 0.41484375 0.23046875 0.1515625
0 0.3953125 0.240625 0.1703125 0.15859375
0 0.55625 0.1546875 0.06953125 0.1515625
0 0.44921875 0.4796875 0.1203125 0.0984375
0 0.65625 0.7640625 0.1109375 0.09140625
0 0.65 0.6359375 0.0796875 0.05078125
0 0.36640625 0.6 0.05078125 0.06015625
0 0.28515625 0.68984375 0.0890625 0.10078125