0 0.74765625 0.2171875 0.30859375 0.09375
0 0.24453125 0.43359375 0.33671875 0.19609375
0 0.7828125 0.425 0.2390625 0.13203125
0 0.6984375 0.5515625 0.2890625 0.1234375
0 0.284375 0.5515625 0.3359375 0.1359375
0 0.34453125 0.653125 0.30546875 0.1046875
0 0.61171875 0.678125 0.2140625 0.1234375
0 0.50078125 0.78984375 0.21328125 0.18359375
0 0.22578125 0.0515625 0.1359375 0.103125
0 0.321875 0.053125 0.0796875 0.0765625
0 0.39296875 0.103125 0.14375 0.06796875
0 0.7296875 0.07890625 0.0671875 0.05703125
0 0.90859375 0.040625 0.11875 0.03046875
0 0.9078125 0.14296875 0.084375 0.04375
0 0.70859375 0.11015625 0.078125 0.05234375
0 0.3234375 0.28515625 0.2609375 0.08984375
0 0.48203125 0.328125 0.071875 0.0703125
0 0.4828125 0.38515625 0.075 0.053125
0 0.45859375 0.4140625 0.1234375 0.04765625
0 0.64609375 0.36484375 0.05703125 0.0671875
0 0.61796875 0.42421875 0.0625 0.0515625
0 0.62265625 0.446875 0.159375 0.04375
0 0.446875 0.56875 0.08125 0.06875
0 0.55859375 0.58046875 0.0875 0.0375
0 0.95859375 0.63984375 0.0796875 0.04296875
0 0.96484375 0.7578125 0.05625 0.02578125
0 0.96484375 0.8171875 0.0703125 0.0390625
0 0.95859375 0.5125 0.053125 0.0609375
0 0.96953125 0.471875 0.0609375 0.0609375