0 0.69921875 0.6140625 0.1828125 0.08046875
0 0.74921875 0.525 0.23203125 0.08515625
0 0.78515625 0.40390625 0.2578125 0.09609375
0 0.48984375 0.6046875 0.2046875 0.090625
0 0.46484375 0.50703125 0.28203125 0.1125
0 0.43359375 0.38203125 0.2234375 0.12890625
0 0.490625 0.2640625 0.16796875 0.06015625
0 0.55 0.41328125 0.12578125 0.046875
0 0.34296875 0.109375 0.084375 0.071875
0 0.24453125 0.05859375 0.09453125 0.04453125
0 0.64921875 0.3359375 0.13515625 0.08984375
0 0.57421875 0.36640625 0.053125 0.0421875
0 0.53359375 0.540625 0.1453125 0.04140625
0 0.65 0.70078125 0.15546875 0.15859375
0 0.6515625 0.559375 0.08515625 0.03203125
0 0.690625 0.453125 0.11953125 0.04140625
0 0.853125 0.1375 0.23828125 0.22109375
0 0.765625 0.0484375 0.28359375 0.096875
0 0.50078125 0.10859375 0.04765625 0.03984375
0 0.57890625 0.13203125 0.06875 0.0296875
0 0.6640625 0.16484375 0.09140625 0.07421875
0 0.090625 0.1296875 0.18125 0.06796875
0 0.1375 0.1921875 0.08671875 0.05078125
0 0.03515625 0.209375 0.06953125 0.07734375
0 0.03984375 0.4578125 0.0796875 0.06328125
0 0.03671875 0.5921875 0.0734375 0.04375
0 0.040625 0.3859375 0.08046875 0.0609375
0 0.29765625 0.1984375 0.11015625 0.034375
0 0.20546875 0.0203125 0.13203125 0.040625
0 0.37265625 0.0625 0.1484375 0.1109375