0 0.64375 0.6984375 0.27734375 0.16171875
0 0.75546875 0.4421875 0.36328125 0.1140625
0 0.6625 0.5328125 0.28046875 0.0796875
0 0.740625 0.27578125 0.2875 0.0625
0 0.39140625 0.31796875 0.17890625 0.13984375
0 0.3109375 0.42578125 0.38046875 0.10546875
0 0.35390625 0.54921875 0.2984375 0.096875
0 0.8984375 0.08984375 0.19375 0.10859375
0 0.734375 0.0671875 0.19609375 0.06953125
0 0.76484375 0.115625 0.084375 0.0609375
0 0.45078125 0.44375 0.1078125 0.04609375
0 0.60546875 0.46875 0.15546875 0.03828125
0 0.48828125 0.584375 0.084375 0.03984375
0 0.59140625 0.60078125 0.075 0.03828125
0 0.5109375 0.64296875 0.09375 0.05390625
0 0.26171875 0.0734375 0.05078125 0.05625
0 0.24921875 0.021875 0.0390625 0.04375
0 0.190625 0.04765625 0.0609375 0.03203125
0 0.1125 0.03046875 0.0890625 0.03046875
0 0.44140625 0.0953125 0.11796875 0.12890625
0 0.96015625 0.23125 0.0796875 0.0609375
0 0.59609375 0.19140625 0.11640625 0.03125