0 0.16640625 0.29921875 0.33046875 0.09453125
0 0.55546875 0.653125 0.09921875 0.17109375
0 0.190625 0.4140625 0.35390625 0.115625
0 0.596875 0.32109375 0.1828125 0.12109375
0 0.6625 0.42109375 0.32265625 0.1671875
0 0.34296875 0.4875 0.27109375 0.11015625
0 0.65078125 0.54609375 0.2203125 0.05625
0 0.365625 0.41875 0.140625 0.0546875
0 0.390625 0.31328125 0.109375 0.04921875
0 0.45234375 0.3921875 0.103125 0.0703125
0 0.57109375 0.5015625 0.09140625 0.03515625
0 0.48125 0.49140625 0.0609375 0.03125
0 0.39765625 0.17109375 0.05390625 0.05859375
0 0.66328125 0.1671875 0.215625 0.1125
0 0.24453125 0.18984375 0.17421875 0.07109375
0 0.8609375 0.14453125 0.10859375 0.084375
0 0.93046875 0.365625 0.1390625 0.1125
0 0.8765625 0.06640625 0.18125 0.06171875
0 0.496875 0.13984375 0.084375 0.053125
0 0.909375 0.29765625 0.06015625 0.03359375
0 0.95 0.16875 0.06953125 0.02890625