0 0.540625 0.63046875 0.12734375 0.1109375
0 0.62890625 0.534375 0.134375 0.07109375
0 0.65078125 0.46875 0.1765625 0.1046875
0 0.7125 0.359375 0.1640625 0.1015625
0 0.6890625 0.2421875 0.17109375 0.078125
0 0.4265625 0.353125 0.2609375 0.0921875
0 0.4390625 0.4890625 0.2 0.121875
0 0.47109375 0.55859375 0.15 0.10625
0 0.58203125 0.478125 0.06953125 0.0234375
0 0.5390625 0.5640625 0.04921875 0.02265625
0 0.528125 0.2234375 0.07421875 0.06015625
0 0.58515625 0.309375 0.02890625 0.046875
0 0.61171875 0.36015625 0.03046875 0.04453125
0 0.60859375 0.3828125 0.09921875 0.034375
0 0.52734375 0.38359375 0.05859375 0.0265625
0 0.5078125 0.04609375 0.075 0.0921875
0 0.83515625 0.1203125 0.3296875 0.146875
0 0.93046875 0.15703125 0.1390625 0.18359375
0 0.7484375 0.06796875 0.24296875 0.1359375
0 0.86953125 0.29765625 0.07578125 0.053125
0 0.90078125 0.3171875 0.05859375 0.06484375
0 0.9640625 0.41640625 0.07109375 0.04140625
0 0.8796875 0.42578125 0.08046875 0.04453125
0 0.8515625 0.375 0.0625 0.03203125
0 0.82734375 0.55859375 0.071875 0.04921875
0 0.915625 0.596875 0.03515625 0.04296875
0 0.915625 0.5484375 0.03359375 0.0390625
0 0.87890625 0.66953125 0.0296875 0.05
0 0.9515625 0.68046875 0.05859375 0.025
0 0.92421875 0.68359375 0.0515625 0.0203125
0 0.94765625 0.6296875 0.04609375 0.021875
0 0.8265625 0.721875 0.06953125 0.0234375
0 0.890625 0.725 0.021875 0.0296875
0 0.8765625 0.74140625 0.0515625 0.02578125
0 0.859375 0.8046875 0.040625 0.01953125
0 0.83515625 0.784375 0.05859375 0.01953125
0 0.76796875 0.93046875 0.025 0.0359375
0 0.6109375 0.96484375 0.04375 0.053125
0 0.421875 0.959375 0.02578125 0.03046875
0 0.8078125 0.9515625 0.025 0.028125
0 0.8890625 0.90390625 0.034375 0.015625
0 0.884375 0.83203125 0.028125 0.01640625
0 0.840625 0.821875 0.02265625 0.03671875
0 0.83046875 0.65703125 0.04765625 0.0328125
0 0.8265625 0.5140625 0.0421875 0.01953125
0 0.8203125 0.47109375 0.03984375 0.0515625