0 0.7484375 0.35546875 0.30625 0.07578125
0 0.38515625 0.18125 0.14765625 0.1453125
0 0.7234375 0.26796875 0.290625 0.12578125
0 0.3390625 0.4078125 0.26640625 0.1453125
0 0.39453125 0.5 0.23515625 0.0953125
0 0.60390625 0.60234375 0.18359375 0.159375
0 0.68125 0.49453125 0.28125 0.08359375
0 0.44140625 0.3078125 0.11328125 0.053125
0 0.25 0.10625 0.12109375 0.13828125
0 0.11640625 0.0984375 0.11875 0.171875
0 0.3890625 0.06640625 0.0640625 0.0296875
0 0.56875 0.1046875 0.1234375 0.0390625
0 0.56484375 0.30234375 0.078125 0.04609375
0 0.5484375 0.51640625 0.06640625 0.03125
0 0.534375 0.459375 0.065625 0.07890625
0 0.55234375 0.37890625 0.05 0.053125
0 0.86875 0.06953125 0.09296875 0.06875
0 0.41328125 0.1 0.0953125 0.028125
0 0.96015625 0.56171875 0.0796875 0.07578125
0 0.96171875 0.61796875 0.0765625 0.03203125