0 0.44453125 0.6421875 0.234375 0.146875
0 0.7203125 0.528125 0.3265625 0.07734375
0 0.37890625 0.51640625 0.26015625 0.0546875
0 0.78828125 0.44453125 0.32578125 0.08828125
0 0.38984375 0.36015625 0.21875 0.05390625
0 0.66796875 0.33203125 0.090625 0.0703125
0 0.21875 0.35859375 0.23046875 0.10390625
0 0.3046875 0.4875 0.31015625 0.134375
0 0.6953125 0.1984375 0.19765625 0.04765625
0 0.6328125 0.4578125 0.16171875 0.03125
0 0.43515625 0.47421875 0.14375 0.03515625
0 0.6390625 0.2625 0.07890625 0.05625
0 0.50234375 0.121875 0.053125 0.053125
0 0.77890625 0.1125 0.2546875 0.06875
0 0.8921875 0.07578125 0.125 0.053125
0 0.96328125 0.02578125 0.06015625 0.0453125
0 0.32890625 0.134375 0.0546875 0.05078125
0 0.04765625 0.1828125 0.0953125 0.096875
0 0.16484375 0.06640625 0.121875 0.04453125
0 0.18984375 0.13203125 0.21484375 0.08984375
0 0.30390625 0.240625 0.08359375 0.05
0 0.04609375 0.1125 0.09140625 0.053125
0 0.93203125 0.40234375 0.1359375 0.04765625