0 0.74921875 0.378125 0.2671875 0.16953125
0 0.74140625 0.56484375 0.37578125 0.153125
0 0.68203125 0.67265625 0.3421875 0.128125
0 0.2375 0.57578125 0.35390625 0.1390625
0 0.48984375 0.8234375 0.22421875 0.22890625
0 0.33046875 0.69375 0.31875 0.13515625
0 0.32421875 0.43125 0.2265625 0.19375
0 0.40859375 0.60546875 0.14140625 0.0421875
0 0.6140625 0.4109375 0.1703125 0.05546875
0 0.4453125 0.434375 0.11796875 0.04921875
0 0.7859375 0.12734375 0.11484375 0.071875
0 0.80078125 0.1921875 0.1421875 0.03828125
0 0.7 0.1296875 0.13359375 0.078125
0 0.4265625 0.1328125 0.0453125 0.05234375
0 0.4046875 0.1796875 0.0640625 0.03125
0 0.26875 0.15390625 0.08515625 0.03046875
0 0.36015625 0.14140625 0.07578125 0.0328125
0 0.51015625 0.075 0.02734375 0.034375
0 0.509375 0.1328125 0.04921875 0.03125
0 0.5125 0.178125 0.12109375 0.04921875
0 0.31171875 0.1015625 0.1140625 0.05546875
0 0.43515625 0.0734375 0.034375 0.04375
0 0.721875 0.07421875 0.07734375 0.034375
0 0.22265625 0.17421875 0.0734375 0.021875
0 0.0421875 0.2765625 0.07421875 0.078125
0 0.03828125 0.340625 0.0765625 0.04453125
0 0.15390625 0.15390625 0.0484375 0.0390625