0 0.58515625 0.63515625 0.159375 0.2015625
0 0.69140625 0.50078125 0.2640625 0.0515625
0 0.66953125 0.4203125 0.2390625 0.090625
0 0.640625 0.2734375 0.2625 0.06484375
0 0.2109375 0.27109375 0.38046875 0.05546875
0 0.38828125 0.45625 0.2734375 0.159375
0 0.44296875 0.53671875 0.2140625 0.08828125
0 0.609375 0.46328125 0.13125 0.03359375
0 0.4875 0.47734375 0.10078125 0.03984375
0 0.56875 0.334375 0.14140625 0.0359375
0 0.434375 0.3375 0.10859375 0.03671875
0 0.36015625 0.228125 0.07578125 0.04140625
0 0.44453125 0.171875 0.071875 0.07265625
0 0.46640625 0.0640625 0.07265625 0.0875
0 0.54375 0.03125 0.06875 0.0625
0 0.6390625 0.13515625 0.096875 0.1109375
0 0.7265625 0.0515625 0.07578125 0.06953125
0 0.934375 0.19453125 0.13125 0.0671875
0 0.78359375 0.14609375 0.08671875 0.0984375
0 0.87109375 0.1125 0.090625 0.0375
0 0.74140625 0.1609375 0.11328125 0.06328125
0 0.89375 0.28125 0.0859375 0.03203125
0 0.940625 0.49765625 0.11875 0.0546875
0 0.9578125 0.61640625 0.05859375 0.02734375
0 0.925 0.5453125 0.15 0.05625
0 0.86875 0.43984375 0.08671875 0.0265625
0 0.871875 0.3609375 0.09453125 0.0734375
0 0.1375 0.1609375 0.0703125 0.059375