0 0.2171875 0.24765625 0.38125 0.11640625
0 0.428125 0.3046875 0.26015625 0.128125
0 0.52109375 0.3984375 0.18984375 0.07578125
0 0.703125 0.35 0.1546875 0.05625
0 0.7984375 0.2265625 0.16796875 0.0890625
0 0.79609375 0.44765625 0.28671875 0.06796875
0 0.53125 0.534375 0.25078125 0.18671875
0 0.76796875 0.5359375 0.2515625 0.05703125
0 0.684375 0.634375 0.17890625 0.1484375
0 0.37578125 0.10234375 0.1234375 0.08828125
0 0.12421875 0.06953125 0.07578125 0.078125
0 0.86875 0.0328125 0.0453125 0.04765625
0 0.6546875 0.20703125 0.0484375 0.04921875
0 0.78671875 0.98203125 0.1203125 0.0359375
0 0.90078125 0.62890625 0.08125 0.04765625
0 0.67421875 0.259375 0.03515625 0.04140625
0 0.48203125 0.040625 0.12109375 0.08046875
0 0.19375 0.071875 0.07109375 0.03203125