0 0.65859375 0.603125 0.19140625 0.16328125
0 0.4609375 0.5078125 0.19609375 0.078125
0 0.728125 0.4796875 0.23125 0.06171875
0 0.378125 0.4515625 0.24921875 0.12265625
0 0.78046875 0.4015625 0.3265625 0.10859375
0 0.275 0.34375 0.24453125 0.17421875
0 0.8109375 0.29609375 0.3546875 0.13828125
0 0.3875 0.21953125 0.16953125 0.0671875
0 0.6734375 0.15703125 0.19296875 0.078125
0 0.4671875 0.31015625 0.09921875 0.0640625
0 0.584375 0.31640625 0.06640625 0.053125
0 0.64375 0.4375 0.10234375 0.0453125
0 0.52578125 0.459375 0.0796875 0.03046875
0 0.41875 0.3421875 0.15234375 0.05234375
0 0.72578125 0.0578125 0.06328125 0.05
0 0.0984375 0.05546875 0.13671875 0.109375