0 0.75234375 0.33125 0.234375 0.128125
0 0.43046875 0.2296875 0.1484375 0.08125
0 0.65703125 0.4734375 0.2625 0.16015625
0 0.26875 0.38515625 0.275 0.12265625
0 0.31796875 0.475 0.35703125 0.10546875
0 0.44140625 0.59296875 0.2546875 0.09453125
0 0.73125 0.58671875 0.3015625 0.115625
0 0.65625 0.71875 0.209375 0.1734375
0 0.6265625 0.20703125 0.171875 0.05859375
0 0.54375 0.2890625 0.08046875 0.05546875
0 0.46953125 0.3046875 0.05234375 0.05078125
0 0.459375 0.35859375 0.071875 0.05
0 0.4734375 0.375 0.1234375 0.03515625
0 0.31171875 0.12734375 0.05859375 0.0453125
0 0.62734375 0.15078125 0.125 0.0609375
0 0.70390625 0.1609375 0.0421875 0.01640625