0 0.69140625 0.38359375 0.19296875 0.06953125
0 0.50625 0.34453125 0.2015625 0.06015625
0 0.43828125 0.4515625 0.21015625 0.08046875
0 0.6234375 0.4828125 0.13671875 0.078125
0 0.44140625 0.509375 0.18125 0.0515625
0 0.653125 0.559375 0.2640625 0.078125
0 0.9234375 0.94765625 0.153125 0.06484375
0 0.8234375 0.96171875 0.1234375 0.0765625
0 0.6015625 0.5296875 0.1390625 0.0640625
0 0.51171875 0.47265625 0.046875 0.025
0 0.67578125 0.2875 0.12890625 0.0421875
0 0.59453125 0.2484375 0.09140625 0.0546875
0 0.3609375 0.1765625 0.134375 0.12578125
0 0.54453125 0.1625 0.15859375 0.065625
0 0.221875 0.2015625 0.09921875 0.09453125
0 0.5015625 0.10703125 0.13046875 0.03515625
0 0.596875 0.090625 0.07578125 0.06328125
0 0.35390625 0.04765625 0.1671875 0.0953125
0 0.10703125 0.1390625 0.11953125 0.0453125
0 0.0875 0.02265625 0.05703125 0.0453125
0 0.2140625 0.1140625 0.0640625 0.0671875
0 0.25859375 0.13515625 0.04765625 0.0703125
0 0.3125 0.09765625 0.08125 0.0265625
0 0.48671875 0.0640625 0.13515625 0.0734375
0 0.6515625 0.08046875 0.0546875 0.0515625
0 0.47109375 0.23125 0.09375 0.02578125
0 0.76796875 0.17734375 0.11875 0.03359375
0 0.88515625 0.13984375 0.12109375 0.07265625
0 0.8640625 0.1890625 0.0328125 0.03671875
0 0.77578125 0.21171875 0.1203125 0.04921875
0 0.9015625 0.1984375 0.13515625 0.08125
0 0.875 0.22265625 0.2140625 0.08125