0 0.57890625 0.6296875 0.17890625 0.20078125
0 0.2765625 0.30546875 0.3390625 0.16875
0 0.35703125 0.43515625 0.37734375 0.18359375
0 0.72578125 0.55390625 0.20703125 0.14609375
0 0.3578125 0.52421875 0.296875 0.0765625
0 0.771875 0.31328125 0.16875 0.08203125
0 0.4359375 0.20546875 0.16953125 0.09140625
0 0.575 0.31328125 0.09453125 0.10625
0 0.90859375 0.29765625 0.16953125 0.146875
0 0.55546875 0.43984375 0.08828125 0.07578125
0 0.66640625 0.4125 0.084375 0.0546875
0 0.71953125 0.44296875 0.1734375 0.06875
0 0.828125 0.66640625 0.34375 0.1265625
0 0.7890625 0.28671875 0.065625 0.0828125
0 0.24609375 0.05 0.140625 0.05390625
0 0.13359375 0.0546875 0.153125 0.09765625
0 0.36328125 0.0953125 0.07734375 0.03671875
0 0.4328125 0.0875 0.075 0.0421875
0 0.47109375 0.31640625 0.2 0.0859375
0 0.86796875 0.08671875 0.0578125 0.04375
0 0.96328125 0.57734375 0.0734375 0.0296875
0 0.25546875 0.1171875 0.0421875 0.03359375
0 0.7765625 0.2046875 0.08359375 0.05703125