0 0.50390625 0.71640625 0.2 0.2015625
0 0.65546875 0.60234375 0.28984375 0.09765625
0 0.31796875 0.5796875 0.25078125 0.0765625
0 0.79140625 0.21640625 0.26171875 0.06484375
0 0.81796875 0.359375 0.18046875 0.10078125
0 0.78046875 0.45078125 0.4390625 0.05390625
0 0.28046875 0.41640625 0.3 0.14765625
0 0.196875 0.3015625 0.39375 0.125
0 0.25625 0.2078125 0.22109375 0.11640625
0 0.56953125 0.50234375 0.1234375 0.03515625
0 0.39375 0.50390625 0.1453125 0.04609375
0 0.53125 0.4734375 0.06640625 0.03046875
0 0.62109375 0.37109375 0.1703125 0.04140625
0 0.41640625 0.3375 0.15078125 0.06953125
0 0.596875 0.33828125 0.09609375 0.04453125
0 0.659375 0.27890625 0.07109375 0.06171875
0 0.64296875 0.24296875 0.046875 0.03359375
0 0.44296875 0.22109375 0.06796875 0.04921875
0 0.4578125 0.178125 0.06015625 0.0375
0 0.25390625 0.1046875 0.15703125 0.121875
0 0.553125 0.0734375 0.178125 0.06953125
0 0.7234375 0.07265625 0.115625 0.14453125
0 0.33515625 0.02890625 0.08125 0.0265625
0 0.909375 0.365625 0.05859375 0.09609375
0 0.91640625 0.59921875 0.16640625 0.1046875