0 0.60859375 0.6296875 0.246875 0.165625
0 0.7796875 0.45078125 0.31484375 0.10703125
0 0.4109375 0.4984375 0.33125 0.12421875
0 0.72421875 0.33828125 0.15546875 0.059375
0 0.84296875 0.28125 0.3140625 0.11484375
0 0.27734375 0.16640625 0.425 0.12421875
0 0.884375 0.7921875 0.12890625 0.16015625
0 0.81875 0.9109375 0.3203125 0.17734375
0 0.5484375 0.36875 0.08828125 0.0796875
0 0.51640625 0.253125 0.12109375 0.03671875
0 0.6109375 0.190625 0.11796875 0.05390625
0 0.45078125 0.07890625 0.140625 0.04765625
0 0.77421875 0.15625 0.23984375 0.06640625
0 0.75703125 0.07109375 0.17109375 0.09765625
0 0.9515625 0.9078125 0.05625 0.04765625