0 0.2453125 0.51328125 0.3125 0.1109375
0 0.32890625 0.40546875 0.16015625 0.0421875
0 0.53671875 0.45234375 0.103125 0.0515625
0 0.26796875 0.62578125 0.26875 0.11328125
0 0.53359375 0.703125 0.146875 0.1328125
0 0.275 0.78828125 0.246875 0.103125
0 0.29921875 0.7125 0.228125 0.06875
0 0.57890625 0.60078125 0.1171875 0.115625
0 0.440625 0.225 0.10546875 0.11328125
0 0.365625 0.134375 0.19375 0.0875
0 0.09296875 0.13984375 0.18515625 0.1109375
0 0.10546875 0.23359375 0.21015625 0.084375
0 0.1640625 0.1109375 0.12578125 0.0390625
0 0.365625 0.04609375 0.20859375 0.09140625
0 0.7234375 0.0953125 0.0828125 0.02890625
0 0.79453125 0.3546875 0.10546875 0.14453125
0 0.40390625 0.55 0.1140625 0.0375
0 0.434375 0.52265625 0.05078125 0.03671875
0 0.371875 0.67734375 0.12890625 0.0375
0 0.45859375 0.7640625 0.1125 0.103125
0 0.46171875 0.70859375 0.0796875 0.0375
0 0.4984375 0.61015625 0.08203125 0.028125
0 0.48515625 0.5828125 0.0515625 0.02890625
0 0.46328125 0.49140625 0.04140625 0.0265625
0 0.49921875 0.4921875 0.06015625 0.015625