0 0.5265625 0.64296875 0.134375 0.140625
0 0.6109375 0.55859375 0.159375 0.08671875
0 0.66015625 0.46640625 0.23203125 0.078125
0 0.63359375 0.39765625 0.15625 0.109375
0 0.44296875 0.5609375 0.1609375 0.0828125
0 0.40234375 0.490625 0.21015625 0.1046875
0 0.35 0.36640625 0.2359375 0.09140625
0 0.5796875 0.28203125 0.1015625 0.0375
0 0.43515625 0.26171875 0.13515625 0.05703125
0 0.559375 0.17265625 0.24296875 0.1734375
0 0.5875 0.05 0.07578125 0.0921875
0 0.6765625 0.090625 0.1203125 0.03984375
0 0.33984375 0.115625 0.090625 0.0421875
0 0.26015625 0.059375 0.12890625 0.05078125
0 0.8203125 0.17890625 0.075 0.10234375
0 0.96953125 0.3203125 0.0609375 0.040625
0 0.9390625 0.38125 0.0515625 0.01796875
0 0.940625 0.31328125 0.05546875 0.03125
0 0.97421875 0.23046875 0.0515625 0.05
0 0.971875 0.21796875 0.046875 0.0484375
0 0.7078125 0.17265625 0.1421875 0.09765625
0 0.84453125 0.959375 0.15859375 0.05703125
0 0.93984375 0.55 0.0921875 0.0359375
0 0.928125 0.3625 0.0453125 0.01796875
0 0.94765625 0.67890625 0.1046875 0.05390625