0 0.69765625 0.68828125 0.2671875 0.11015625
0 0.73046875 0.56953125 0.275 0.07578125
0 0.72890625 0.490625 0.2703125 0.1140625
0 0.76796875 0.34765625 0.28671875 0.13359375
0 0.296875 0.34453125 0.2875 0.09765625
0 0.303125 0.42734375 0.2828125 0.0765625
0 0.43203125 0.5484375 0.2625 0.06484375
0 0.2234375 0.1734375 0.190625 0.10703125
0 0.31015625 0.1078125 0.10625 0.06796875
0 0.3734375 0.19609375 0.071875 0.0734375
0 0.4484375 0.06171875 0.14375 0.05703125
0 0.57421875 0.04296875 0.1015625 0.04453125
0 0.48984375 0.2140625 0.09375 0.02734375
0 0.49296875 0.19375 0.03671875 0.0328125
0 0.48046875 0.34609375 0.04375 0.046875
0 0.4484375 0.3015625 0.02890625 0.03046875
0 0.4640625 0.46484375 0.06015625 0.046875
0 0.48671875 0.40703125 0.1328125 0.07109375
0 0.59375 0.44296875 0.0828125 0.07421875
0 0.528125 0.47265625 0.06640625 0.025
0 0.478125 0.50859375 0.14375 0.05
0 0.56171875 0.59453125 0.0265625 0.0296875
0 0.6203125 0.61484375 0.059375 0.02421875
0 0.953125 0.23828125 0.09375 0.1375
0 0.95546875 0.146875 0.0890625 0.16953125
0 0.78828125 0.24140625 0.1390625 0.040625
0 0.534375 0.12109375 0.12421875 0.0484375
0 0.89296875 0.065625 0.09375 0.1234375
0 0.82421875 0.04921875 0.0765625 0.0984375
0 0.071875 0.284375 0.14375 0.04921875
0 0.11328125 0.25 0.20625 0.0515625
0 0.06171875 0.43359375 0.09609375 0.075
0 0.06328125 0.4875 0.04140625 0.046875
0 0.03359375 0.60859375 0.03046875 0.03515625
0 0.06015625 0.16015625 0.11953125 0.13359375