0 0.29140625 0.21953125 0.396875 0.12578125
0 0.36171875 0.41484375 0.2703125 0.15234375
0 0.4125 0.3140625 0.146875 0.0484375
0 0.30234375 0.6234375 0.21328125 0.184375
0 0.5234375 0.4890625 0.24375 0.0625
0 0.246875 0.52265625 0.26015625 0.0875
0 0.8171875 0.22578125 0.2109375 0.06484375
0 0.903125 0.2953125 0.13359375 0.1328125
0 0.69453125 0.27265625 0.28984375 0.09765625
0 0.59453125 0.37578125 0.12734375 0.109375
0 0.94140625 0.3734375 0.11640625 0.03828125
0 0.5109375 0.4390625 0.06796875 0.04921875
0 0.56484375 0.30625 0.14453125 0.04296875
0 0.55625 0.2234375 0.1 0.0796875
0 0.9171875 0.5578125 0.165625 0.065625