0 0.53203125 0.5484375 0.16796875 0.13203125
0 0.36328125 0.49375 0.18359375 0.06953125
0 0.55625 0.446875 0.1421875 0.071875
0 0.15234375 0.32734375 0.25078125 0.109375
0 0.53828125 0.165625 0.21015625 0.08046875
0 0.5828125 0.29765625 0.27265625 0.14140625
0 0.5875 0.37890625 0.2234375 0.08671875
0 0.26875 0.42578125 0.21640625 0.06171875
0 0.32734375 0.37734375 0.1609375 0.06328125
0 0.28125 0.24140625 0.11640625 0.09609375
0 0.39296875 0.44765625 0.0953125 0.0390625
0 0.33203125 0.29296875 0.11484375 0.03515625
0 0.30078125 0.3390625 0.05078125 0.05390625
0 0.49765625 0.41015625 0.09921875 0.04375
0 0.44296875 0.27421875 0.03203125 0.04140625
0 0.37421875 0.22109375 0.046875 0.03984375
0 0.734375 0.12890625 0.2359375 0.13671875
0 0.86796875 0.59453125 0.26328125 0.09921875
0 0.91328125 0.6921875 0.1734375 0.084375
0 0.8703125 0.9046875 0.18125 0.06328125