0 0.4921875 0.68984375 0.18046875 0.15859375
0 0.31328125 0.56953125 0.2640625 0.05859375
0 0.6375 0.3453125 0.30625 0.0671875
0 0.38203125 0.37734375 0.153125 0.1421875
0 0.2203125 0.4109375 0.3453125 0.08046875
0 0.609375 0.42421875 0.26171875 0.13046875
0 0.5734375 0.5859375 0.2359375 0.0421875
0 0.5265625 0.53203125 0.13203125 0.03046875
0 0.36796875 0.496875 0.146875 0.03671875
0 0.5078125 0.40546875 0.1125 0.04609375
0 0.509375 0.25234375 0.12890625 0.03984375
0 0.38671875 0.26015625 0.1046875 0.03828125
0 0.33203125 0.15390625 0.14609375 0.08828125
0 0.17734375 0.096875 0.09375 0.053125
0 0.89453125 0.14609375 0.2109375 0.21953125
0 0.94140625 0.3578125 0.1171875 0.146875
0 0.8625 0.41328125 0.0671875 0.0796875
0 0.95625 0.5109375 0.0625 0.053125
0 0.8546875 0.5671875 0.0578125 0.059375
0 0.81875 0.9625 0.1 0.05
0 0.784375 0.87890625 0.14921875 0.11953125
0 0.50625 0.10625 0.0578125 0.08046875
0 0.42421875 0.96171875 0.0671875 0.0765625
0 0.478125 0.9765625 0.0515625 0.046875
0 0.459375 0.9265625 0.1078125 0.0421875
0 0.54296875 0.9765625 0.0609375 0.046875
0 0.971875 0.57109375 0.05625 0.05859375
0 0.88203125 0.49765625 0.03515625 0.03671875