0 0.7015625 0.221875 0.3515625 0.140625
0 0.34765625 0.30625 0.2046875 0.17578125
0 0.784375 0.41953125 0.371875 0.15625
0 0.36796875 0.46171875 0.31171875 0.209375
0 0.72578125 0.590625 0.33828125 0.14375
0 0.44296875 0.61875 0.215625 0.153125
0 0.58828125 0.75625 0.24765625 0.2390625
0 0.63359375 0.47265625 0.17265625 0.059375
0 0.47421875 0.4765625 0.12578125 0.03984375
0 0.48046875 0.13125 0.1015625 0.03984375
0 0.5484375 0.06796875 0.09609375 0.03203125
0 0.846875 0.0921875 0.090625 0.0484375
0 0.703125 0.11640625 0.06875 0.02890625
0 0.765625 0.0703125 0.05390625 0.06328125