0 0.840625 0.33046875 0.296875 0.1140625
0 0.32890625 0.39765625 0.40546875 0.125
0 0.621875 0.52109375 0.1734375 0.18984375
0 0.24609375 0.51875 0.325 0.09375
0 0.46171875 0.5859375 0.15 0.146875
0 0.20703125 0.6265625 0.29609375 0.13203125
0 0.5640625 0.2234375 0.225 0.1328125
0 0.3578125 0.59609375 0.0625 0.05625
0 0.728125 0.1984375 0.16640625 0.04921875
0 0.66328125 0.3296875 0.11328125 0.0390625
0 0.56953125 0.33671875 0.06875 0.04765625
0 0.44140625 0.45859375 0.09453125 0.0421875
0 0.52265625 0.478125 0.0703125 0.059375
0 0.08359375 0.1640625 0.1671875 0.2
0 0.109375 0.05078125 0.090625 0.03515625