0 0.3984375 0.56640625 0.2609375 0.0734375
0 0.4984375 0.6859375 0.14140625 0.1421875
0 0.67265625 0.48203125 0.221875 0.1265625
0 0.37578125 0.49765625 0.22265625 0.1265625
0 0.3421875 0.4125 0.16484375 0.1046875
0 0.68125 0.3046875 0.2 0.0796875
0 0.55078125 0.34296875 0.12109375 0.0609375
0 0.4453125 0.38515625 0.09609375 0.04765625
0 0.42109375 0.346875 0.059375 0.028125
0 0.44921875 0.371875 0.0578125 0.0296875
0 0.51640625 0.47109375 0.04609375 0.02578125
0 0.66796875 0.56484375 0.22421875 0.0671875
0 0.5359375 0.51640625 0.0734375 0.059375
0 0.4875 0.59765625 0.0625 0.03359375
0 0.54609375 0.60078125 0.0421875 0.02421875
0 0.55234375 0.4359375 0.05 0.03046875
0 0.9125 0.39921875 0.175 0.1625
0 0.75 0.2671875 0.25859375 0.0796875
0 0.4 0.2671875 0.0984375 0.03984375
0 0.87265625 0.103125 0.2546875 0.10625
0 0.93125 0.17734375 0.12109375 0.0625
0 0.6453125 0.08125 0.16640625 0.0515625
0 0.6453125 0.028125 0.15078125 0.05625
0 0.82890625 0.078125 0.09453125 0.0421875
0 0.58828125 0.18203125 0.06171875 0.0328125
0 0.6234375 0.2171875 0.06796875 0.0359375
0 0.63515625 0.115625 0.1078125 0.03984375
0 0.69765625 0.1125 0.06328125 0.03203125
0 0.66171875 0.178125 0.071875 0.06171875
0 0.75546875 0.221875 0.25703125 0.08125
0 0.94921875 0.23984375 0.1015625 0.03984375
0 0.8359375 0.31328125 0.0578125 0.0421875
0 0.8984375 0.334375 0.06171875 0.025
0 0.84609375 0.37265625 0.06875 0.065625
0 0.23125 0.10390625 0.12890625 0.04609375
0 0.34375 0.11953125 0.09296875 0.0359375
0 0.14921875 0.14609375 0.13359375 0.07734375
0 0.2421875 0.17890625 0.06953125 0.0453125
0 0.28671875 0.18125 0.0484375 0.08125