0 0.4484375 0.67734375 0.17890625 0.16875
0 0.29609375 0.56796875 0.234375 0.0828125
0 0.19296875 0.49296875 0.34140625 0.09140625
0 0.59375 0.5 0.25234375 0.12734375
0 0.21484375 0.33515625 0.20859375 0.0625
0 0.5453125 0.2765625 0.14140625 0.05859375
0 0.63125 0.38671875 0.3109375 0.14609375
0 0.55703125 0.56015625 0.22578125 0.0765625
0 0.19765625 0.44375 0.30859375 0.13984375
0 0.29140625 0.371875 0.09921875 0.04296875
0 0.5078125 0.3984375 0.13984375 0.0546875
0 0.8234375 0.0984375 0.11796875 0.0859375
0 0.909375 0.26171875 0.1328125 0.134375
0 0.790625 0.31484375 0.15546875 0.12578125
0 0.5375 0.1828125 0.08203125 0.08046875
0 0.3515625 0.2203125 0.10546875 0.08359375
0 0.64921875 0.21640625 0.1734375 0.06953125
0 0.81328125 0.20625 0.09140625 0.03203125
0 0.915625 0.15 0.05546875 0.05078125
0 0.69765625 0.03515625 0.32421875 0.06953125
0 0.49296875 0.06875 0.05546875 0.053125
0 0.26875 0.2390625 0.1125 0.090625
0 0.4640625 0.509375 0.08359375 0.04375
0 0.4515625 0.48203125 0.05078125 0.03828125
0 0.384375 0.44453125 0.0859375 0.065625
0 0.13515625 0.1484375 0.04453125 0.03359375
0 0.803125 0.15625 0.05234375 0.04375
0 0.90859375 0.41484375 0.0375 0.0296875
0 0.86953125 0.38203125 0.0421875 0.03203125
0 0.8296875 0.428125 0.08125 0.0578125