0 0.6390625 0.66875 0.22421875 0.22421875
0 0.36875 0.4984375 0.315625 0.07109375
0 0.69765625 0.48046875 0.33671875 0.078125
0 0.753125 0.44296875 0.2453125 0.1
0 0.78359375 0.2578125 0.415625 0.10234375
0 0.26953125 0.34765625 0.33515625 0.07421875
0 0.4 0.4453125 0.16953125 0.04140625
0 0.31328125 0.29375 0.2734375 0.0625
0 0.6390625 0.08203125 0.08046875 0.10625
0 0.55078125 0.0375 0.0609375 0.075
0 0.43828125 0.25234375 0.10703125 0.02734375
0 0.46875 0.3015625 0.06640625 0.04609375
0 0.52421875 0.3171875 0.053125 0.0328125
0 0.58515625 0.421875 0.06640625 0.06796875
0 0.62265625 0.375 0.1609375 0.03671875
0 0.4328125 0.40390625 0.05 0.04140625
0 0.53671875 0.4171875 0.065625 0.04375
0 0.35 0.0890625 0.09609375 0.04140625
0 0.3515625 0.1640625 0.059375 0.0578125
0 0.28984375 0.15234375 0.04609375 0.07578125
0 0.2140625 0.12421875 0.04375 0.07578125
0 0.22109375 0.0359375 0.04140625 0.071875
0 0.95078125 0.03046875 0.08125 0.06015625
0 0.40625 0.1890625 0.04921875 0.04765625