1 0.61875 0.33984375 0.28046875 0.478125
1 0.340625 0.2125 0.309375 0.425
1 0.7390625 0.64296875 0.196875 0.50390625
1 0.6796875 0.61796875 0.11484375 0.12265625
1 0.4234375 0.60703125 0.1046875 0.14921875
1 0.10546875 0.05546875 0.2109375 0.1109375
1 0.06015625 0.284375 0.1203125 0.28046875
1 0.028125 0.74375 0.05625 0.171875
1 0.496875 0.14375 0.13984375 0.1203125
1 0.14609375 0.3359375 0.0484375 0.08671875
1 0.2046875 0.446875 0.06640625 0.053125
1 0.328125 0.696875 0.06015625 0.0765625
1 0.43203125 0.50859375 0.1015625 0.08125
1 0.434375 0.2703125 0.1234375 0.18828125
1 0.5328125 0.04375 0.0828125 0.08671875
1 0.54453125 0.5984375 0.1515625 0.20390625
1 0.5140625 0.82265625 0.08203125 0.165625
1 0.83125 0.87265625 0.12265625 0.25390625