0 0.2109375 0.50390625 0.090625 0.0484375
0 0.8140625 0.609375 0.1015625 0.04296875
0 0.7859375 0.69765625 0.06796875 0.078125
0 0.871875 0.74609375 0.06328125 0.06640625
0 0.525 0.7625 0.140625 0.04921875
0 0.575 0.80546875 0.05859375 0.11796875
0 0.1484375 0.82265625 0.0890625 0.0546875
0 0.26484375 0.840625 0.0796875 0.08828125
0 0.87109375 0.86796875 0.10078125 0.1015625
0 0.60859375 0.90078125 0.08046875 0.1453125
0 0.715625 0.93046875 0.08125 0.08828125
0 0.25859375 0.940625 0.09296875 0.075
0 0.09765625 0.95390625 0.08984375 0.09140625
0 0.553125 0.95703125 0.05625 0.0859375
0 0.40078125 0.9734375 0.0859375 0.053125