0 0.74296875 0.15546875 0.23515625 0.1
0 0.775 0.2546875 0.1546875 0.1328125
0 0.140625 0.30546875 0.09609375 0.121875
0 0.196875 0.03515625 0.08125 0.0703125
0 0.29296875 0.36484375 0.0921875 0.05546875
0 0.53984375 0.3765625 0.13046875 0.0578125
0 0.33046875 0.04296875 0.0796875 0.0859375
0 0.57578125 0.4484375 0.090625 0.13046875
0 0.92890625 0.4578125 0.07265625 0.0609375
0 0.6546875 0.49765625 0.31640625 0.140625
0 0.3828125 0.4984375 0.22734375 0.1046875
0 0.11953125 0.51015625 0.20234375 0.17265625
0 0.47265625 0.56484375 0.08046875 0.05234375
0 0.9046875 0.578125 0.11015625 0.04296875
0 0.57265625 0.6203125 0.1125 0.13125
0 0.82734375 0.65390625 0.10390625 0.1234375
0 0.4859375 0.6640625 0.12109375 0.07109375
0 0.2953125 0.67734375 0.115625 0.0890625
0 0.41328125 0.80703125 0.30390625 0.1796875
0 0.7953125 0.871875 0.1359375 0.06875