0 0.3671875 0.30625 0.09765625 0.10234375
0 0.60078125 0.32421875 0.0875 0.0609375
0 0.91953125 0.34921875 0.1609375 0.3453125
0 0.45234375 0.365625 0.109375 0.3078125
0 0.72421875 0.38203125 0.0765625 0.08671875
0 0.86171875 0.03984375 0.05625 0.0796875
0 0.7921875 0.528125 0.1765625 0.190625
0 0.5265625 0.55859375 0.090625 0.0375
0 0.65546875 0.56015625 0.11796875 0.36484375
0 0.1140625 0.05625 0.06953125 0.04375
0 0.546875 0.57890625 0.10078125 0.29765625
0 0.0671875 0.6875 0.134375 0.153125
0 0.2 0.07109375 0.0390625 0.0578125
0 0.30234375 0.7328125 0.05625 0.0828125
0 0.70390625 0.74453125 0.053125 0.12578125
0 0.821875 0.79140625 0.240625 0.1796875
0 0.6375 0.90234375 0.06171875 0.0828125
0 0.93359375 0.090625 0.10390625 0.1171875
0 0.35859375 0.9171875 0.06640625 0.16484375
0 0.73125 0.11953125 0.06953125 0.1953125
0 0.403125 0.15703125 0.08515625 0.06484375
0 0.47734375 0.16171875 0.06171875 0.08359375
0 0.1203125 0.23828125 0.046875 0.10546875
0 0.48359375 0.028125 0.10703125 0.05625
0 0.53984375 0.2875 0.11328125 0.096875