0 0.35703125 0.45546875 0.0640625 0.03125
0 0.49609375 0.46953125 0.1484375 0.05234375
0 0.24609375 0.521875 0.078125 0.034375
0 0.39296875 0.52265625 0.05234375 0.05078125
0 0.50078125 0.53671875 0.06875 0.0515625
0 0.75546875 0.5515625 0.1015625 0.07109375
0 0.33984375 0.575 0.15390625 0.04765625
0 0.678125 0.64921875 0.053125 0.115625
0 0.3375 0.6625 0.0703125 0.07890625
0 0.64921875 0.66328125 0.07265625 0.0375
0 0.44296875 0.6765625 0.13359375 0.0328125
0 0.2734375 0.67734375 0.075 0.07109375
0 0.871875 0.67734375 0.06875 0.04609375
0 0.9171875 0.72734375 0.0625 0.03046875
0 0.6375 0.75859375 0.034375 0.0546875
0 0.41875 0.775 0.14609375 0.03828125
0 0.140625 0.78203125 0.1046875 0.075
0 0.8078125 0.7859375 0.11171875 0.05
0 0.66796875 0.79921875 0.0890625 0.06640625
0 0.32265625 0.809375 0.15234375 0.109375
0 0.92109375 0.87109375 0.14609375 0.0625
0 0.6109375 0.89140625 0.134375 0.090625
0 0.1453125 0.90703125 0.08515625 0.0546875
0 0.26171875 0.921875 0.0734375 0.03671875
0 0.3828125 0.92265625 0.1546875 0.0546875
0 0.8484375 0.940625 0.1296875 0.07734375
0 0.459375 0.9875 0.06640625 0.025