0 0.678125 0.159375 0.13125 0.24140625
0 0.46875 0.22109375 0.04765625 0.071875
0 0.325 0.26328125 0.15703125 0.07265625
0 0.0671875 0.30625 0.08515625 0.04921875
0 0.75390625 0.35703125 0.1890625 0.04453125
0 0.28515625 0.3875 0.0984375 0.078125
0 0.31328125 0.47109375 0.096875 0.05390625
0 0.134375 0.521875 0.10859375 0.07578125
0 0.88984375 0.546875 0.1671875 0.14609375
0 0.4125 0.584375 0.09921875 0.1515625
0 0.2296875 0.603125 0.103125 0.071875
0 0.71484375 0.61875 0.209375 0.04140625
0 0.084375 0.6546875 0.16875 0.2
0 0.784375 0.7234375 0.1765625 0.08046875
0 0.45390625 0.8609375 0.4046875 0.278125