0 0.4578125 0.2078125 0.08046875 0.09609375
0 0.8203125 0.21328125 0.13359375 0.05703125
0 0.9515625 0.228125 0.090625 0.06875
0 0.13515625 0.284375 0.12734375 0.084375
0 0.90234375 0.33125 0.12578125 0.10546875
0 0.153125 0.36796875 0.14375 0.11875
0 0.75234375 0.36875 0.11015625 0.1140625
0 0.94921875 0.40546875 0.1015625 0.1625
0 0.36171875 0.425 0.09375 0.1359375
0 0.684375 0.4953125 0.121875 0.06015625
0 0.3453125 0.5390625 0.1328125 0.06875
0 0.746875 0.059375 0.121875 0.1
0 0.6625 0.65859375 0.16171875 0.103125
0 0.33515625 0.66640625 0.18046875 0.1
0 0.271875 0.06796875 0.23125 0.096875
0 0.5734375 0.78515625 0.06953125 0.065625
0 0.44296875 0.84921875 0.16484375 0.09375