1 0.2890625 0.6828125 0.1171875 0.20546875
1 0.434375 0.4484375 0.18515625 0.184375
1 0.71796875 0.4625 0.3671875 0.4078125
1 0.1671875 0.9125 0.2921875 0.17421875
1 0.12890625 0.78125 0.22109375 0.234375
1 0.053125 0.40390625 0.10625 0.1953125
1 0.2078125 0.29453125 0.24375 0.22890625
1 0.7265625 0.1078125 0.1015625 0.215625
1 0.61796875 0.0421875 0.140625 0.08359375
1 0.38671875 0.24140625 0.2265625 0.24609375
1 0.42734375 0.6625 0.184375 0.1953125
1 0.1046875 0.51015625 0.2046875 0.209375
1 0.290625 0.846875 0.09609375 0.15703125
1 0.45 0.175 0.21796875 0.346875
1 0.48828125 0.54765625 0.10625 0.2015625
1 0.4609375 0.74140625 0.1625 0.184375
1 0.590625 0.6765625 0.1421875 0.17265625
1 0.19296875 0.12265625 0.103125 0.1234375