0 0.09609375 0.76171875 0.134375 0.15390625
0 0.115625 0.6390625 0.14453125 0.178125
0 0.64765625 0.5171875 0.09375 0.0765625
0 0.3890625 0.47578125 0.14453125 0.20703125
0 0.19375 0.5015625 0.12734375 0.2234375
0 0.58046875 0.415625 0.18515625 0.16796875
0 0.7171875 0.3125 0.15625 0.23046875
0 0.63203125 0.275 0.10078125 0.13203125
0 0.34609375 0.26796875 0.14453125 0.17578125
0 0.2125 0.2828125 0.12734375 0.0984375
0 0.5109375 0.20546875 0.13203125 0.17578125
0 0.44453125 0.165625 0.14453125 0.259375
0 0.7703125 0.8453125 0.11796875 0.13671875