0 0.05859375 0.31953125 0.1171875 0.1453125
0 0.09609375 0.43671875 0.1296875 0.16875
0 0.64140625 0.4546875 0.0890625 0.0703125
0 0.396875 0.54375 0.128125 0.1984375
0 0.1984375 0.55859375 0.1109375 0.215625
0 0.5953125 0.56875 0.1734375 0.1546875
0 0.74921875 0.64296875 0.1390625 0.221875
0 0.67265625 0.696875 0.0921875 0.1265625
0 0.39296875 0.7578125 0.1296875 0.1671875
0 0.26015625 0.76875 0.121875 0.0890625
0 0.56484375 0.7875 0.11875 0.1671875
0 0.50859375 0.8390625 0.1234375 0.2515625
0 0.6984375 0.11015625 0.10625 0.1296875