0 0.09609375 0.7625 0.1359375 0.153125
0 0.115625 0.6390625 0.14375 0.178125
0 0.64765625 0.5171875 0.09375 0.0765625
0 0.38984375 0.4765625 0.14375 0.20625
0 0.19296875 0.5 0.128125 0.2234375
0 0.58046875 0.41484375 0.184375 0.16875
0 0.7171875 0.3125 0.15625 0.23125
0 0.63203125 0.27421875 0.1015625 0.1328125
0 0.34609375 0.26796875 0.14375 0.1765625
0 0.21328125 0.28203125 0.128125 0.0984375
0 0.509375 0.20546875 0.1328125 0.175
0 0.44375 0.165625 0.14375 0.259375
0 0.76953125 0.84453125 0.1171875 0.1375