0 0.7453125 0.6546875 0.1296875 0.21015625
0 0.5546875 0.78984375 0.11015625 0.16015625
0 0.58984375 0.575 0.16015625 0.15
0 0.3796875 0.75 0.1203125 0.16015625
0 0.1 0.4203125 0.1203125 0.16015625
0 0.7203125 0.1203125 0.1 0.1203125
0 0.6203125 0.075 0.1 0.15
0 0.4 0.53984375 0.1203125 0.2
0 0.2 0.5453125 0.1 0.21015625
0 0.4953125 0.83984375 0.11015625 0.2
0 0.66484375 0.71015625 0.08984375 0.1203125
0 0.6453125 0.46484375 0.08984375 0.0703125
0 0.06484375 0.3 0.11015625 0.13984375
0 0.25 0.7546875 0.1203125 0.08984375