0 0.459375 0.47421875 0.18984375 0.1984375
0 0.6421875 0.32734375 0.29140625 0.15390625
0 0.0453125 0.5328125 0.090625 0.2484375
0 0.52890625 0.08515625 0.371875 0.1296875
0 0.35234375 0.34140625 0.18671875 0.0765625
0 0.19453125 0.35703125 0.18359375 0.1015625
0 0.5140625 0.68203125 0.1234375 0.13828125
0 0.75703125 0.59765625 0.3171875 0.16328125
0 0.8109375 0.89140625 0.13046875 0.159375
0 0.6796875 0.8625 0.10625 0.13046875
0 0.5359375 0.86875 0.11875 0.153125
0 0.8890625 0.7609375 0.209375 0.23828125
0 0.82734375 0.44140625 0.3453125 0.2671875