0 0.37890625 0.7515625 0.103125 0.28125
0 0.4484375 0.6890625 0.1515625 0.12265625
0 0.3265625 0.63359375 0.125 0.09375
0 0.63125 0.61796875 0.18515625 0.2546875
0 0.77265625 0.4984375 0.1609375 0.1609375
0 0.44375 0.41328125 0.0890625 0.21640625
0 0.5640625 0.321875 0.1515625 0.27421875
0 0.82109375 0.3453125 0.17578125 0.209375
0 0.68359375 0.31484375 0.1078125 0.2546875
0 0.146875 0.85078125 0.08203125 0.134375
0 0.2703125 0.8578125 0.1421875 0.16328125
0 0.06484375 0.8171875 0.1296875 0.196875