0 0.6078125 0.75703125 0.09140625 0.27890625
0 0.5421875 0.6921875 0.146875 0.115625
0 0.665625 0.64296875 0.1203125 0.0890625
0 0.3640625 0.609375 0.1703125 0.24765625
0 0.228125 0.4828125 0.15390625 0.15390625
0 0.5609375 0.4171875 0.0796875 0.2140625
0 0.44453125 0.32109375 0.1390625 0.2671875
0 0.1875 0.33046875 0.16328125 0.19921875
0 0.3265625 0.30546875 0.09609375 0.2546875
0 0.834375 0.86796875 0.0765625 0.1296875
0 0.7140625 0.86875 0.134375 0.15625
0 0.91953125 0.83984375 0.12265625 0.18984375