0 0.83046875 0.19140625 0.0796875 0.06015625
0 0.83046875 0.1 0.0984375 0.040625
0 0.6390625 0.16484375 0.08203125 0.03125
0 0.3015625 0.15 0.06015625 0.040625
0 0.3453125 0.16953125 0.06953125 0.040625
0 0.57421875 0.525 0.09140625 0.03125
0 0.50625 0.54453125 0.06953125 0.03125
0 0.55625 0.33515625 0.05078125 0.03125
0 0.75 0.31484375 0.08203125 0.02890625
0 0.35 0.21015625 0.0796875 0.021875
0 0.6546875 0.2359375 0.05078125 0.02890625
0 0.9359375 0.275 0.05078125 0.05078125
0 0.91015625 0.19921875 0.06015625 0.03828125
0 0.91484375 0.0953125 0.05078125 0.03125
0 0.240625 0.08046875 0.03828125 0.06015625
0 0.33984375 0.08515625 0.06015625 0.05078125
0 0.53515625 0.1 0.05078125 0.040625
0 0.265625 0.365625 0.06953125 0.02890625
0 0.29453125 0.275 0.06953125 0.05078125
0 0.3859375 0.28515625 0.06953125 0.03125
0 0.3546875 0.25625 0.06953125 0.05078125
0 0.62109375 0.30078125 0.06015625 0.03828125
0 0.8703125 0.58984375 0.1203125 0.040625
0 0.8703125 0.55078125 0.08203125 0.03828125
0 0.8453125 0.4859375 0.0890625 0.02890625
0 0.8703125 0.41953125 0.10078125 0.06015625
0 0.765625 0.37109375 0.06953125 0.06015625
0 0.71484375 0.41484375 0.0890625 0.03125
0 0.16015625 0.5203125 0.040625 0.0796875
0 0.33203125 0.54453125 0.1203125 0.05078125
0 0.3703125 0.56953125 0.10078125 0.03828125
0 0.4 0.4796875 0.0984375 0.040625
0 0.259375 0.475 0.1203125 0.05078125
0 0.4265625 0.41015625 0.05078125 0.040625
0 0.3796875 0.3859375 0.03828125 0.05078125
0 0.4359375 0.33984375 0.06953125 0.021875
0 0.49609375 0.32578125 0.05078125 0.05078125
0 0.4703125 0.365625 0.06015625 0.02890625
0 0.525 0.43984375 0.0890625 0.03828125
0 0.6046875 0.43046875 0.06953125 0.03828125
0 0.6296875 0.46484375 0.08203125 0.03125
0 0.5359375 0.475 0.1109375 0.03125