0 0.3640625 0.8375 0.0796875 0.0265625
0 0.6625 0.8265625 0.0796875 0.040625
0 0.178125 0.81484375 0.0796875 0.06953125
0 0.1 0.80546875 0.0625 0.03828125
0 0.6578125 0.78984375 0.0796875 0.02421875
0 0.353125 0.7671875 0.0453125 0.03359375
0 0.65234375 0.7453125 0.06484375 0.053125
0 0.71171875 0.72265625 0.071875 0.0578125
0 0.071875 0.7328125 0.0484375 0.053125
0 0.62109375 0.7125 0.07421875 0.03359375
0 0.38828125 0.7046875 0.0578125 0.03359375
0 0.25625 0.69140625 0.08671875 0.03125
0 0.51171875 0.6765625 0.05078125 0.0484375
0 0.45078125 0.665625 0.0453125 0.040625
0 0.571875 0.66015625 0.06953125 0.03125
0 0.53125 0.634375 0.0578125 0.0359375
0 0.74296875 0.62890625 0.06953125 0.02890625
0 0.23828125 0.63125 0.06953125 0.0625
0 0.6234375 0.61328125 0.04296875 0.0453125
0 0.58046875 0.5875 0.05078125 0.040625
0 0.28828125 0.5921875 0.08671875 0.03359375
0 0.134375 0.58671875 0.0984375 0.05546875
0 0.39921875 0.57109375 0.0625 0.04296875
0 0.47578125 0.55859375 0.08671875 0.03828125
0 0.37109375 0.540625 0.08203125 0.03359375
0 0.4640625 0.52734375 0.1078125 0.02890625
0 0.73828125 0.5203125 0.125 0.053125
0 0.60078125 0.51953125 0.1078125 0.04296875
0 0.15625 0.52265625 0.09375 0.03828125
0 0.83984375 0.47578125 0.0484375 0.07421875
0 0.6703125 0.453125 0.115625 0.053125
0 0.4984375 0.4546875 0.071875 0.03125
0 0.13203125 0.4578125 0.07421875 0.040625
0 0.421875 0.4390625 0.09375 0.03125
0 0.63125 0.428125 0.103125 0.0484375
0 0.13125 0.41328125 0.11796875 0.040625
0 0.39296875 0.92421875 0.04296875 0.05546875
0 0.66796875 0.91015625 0.06484375 0.053125
0 0.09609375 0.91328125 0.05546875 0.03828125
0 0.17890625 0.91015625 0.09140625 0.0453125
0 0.47265625 0.9 0.053125 0.04296875
0 0.709375 0.85 0.0625 0.04296875