0 0.36875 0.83984375 0.08203125 0.02890625
0 0.66796875 0.82421875 0.0796875 0.04296875
0 0.1828125 0.81953125 0.0796875 0.06953125
0 0.1046875 0.8125 0.0625 0.03828125
0 0.66328125 0.7875 0.0796875 0.0265625
0 0.3578125 0.7703125 0.0484375 0.03359375
0 0.6578125 0.74296875 0.06484375 0.053125
0 0.71484375 0.7203125 0.071875 0.0578125
0 0.0765625 0.740625 0.0484375 0.053125
0 0.6265625 0.71171875 0.07421875 0.0359375
0 0.3921875 0.70546875 0.06015625 0.0359375
0 0.259375 0.69609375 0.08671875 0.03359375
0 0.5140625 0.67578125 0.05078125 0.0484375
0 0.453125 0.6671875 0.0484375 0.040625
0 0.57421875 0.65859375 0.06953125 0.03125
0 0.53359375 0.634375 0.06015625 0.0359375
0 0.7453125 0.6234375 0.06953125 0.03125
0 0.240625 0.6359375 0.06953125 0.0625
0 0.6265625 0.6109375 0.04296875 0.0484375
0 0.58203125 0.58671875 0.05078125 0.040625
0 0.28984375 0.59609375 0.0890625 0.03359375
0 0.1359375 0.5921875 0.0984375 0.0578125
0 0.4 0.5734375 0.0625 0.04296875
0 0.47734375 0.55859375 0.08671875 0.03828125
0 0.37109375 0.54296875 0.084375 0.0359375
0 0.4640625 0.52734375 0.1109375 0.03125
0 0.73828125 0.515625 0.125 0.0578125
0 0.60078125 0.5171875 0.1109375 0.04296875
0 0.1578125 0.52734375 0.09609375 0.03828125
0 0.83984375 0.47109375 0.0484375 0.0765625
0 0.66953125 0.44921875 0.115625 0.053125
0 0.4984375 0.4546875 0.07421875 0.03125
0 0.13125 0.4640625 0.0765625 0.04296875
0 0.4203125 0.44140625 0.09375 0.03125
0 0.63125 0.42578125 0.10546875 0.0484375
0 0.1296875 0.4203125 0.1203125 0.04296875
0 0.4 0.9265625 0.04296875 0.0578125
0 0.67578125 0.9078125 0.06484375 0.053125
0 0.103125 0.9203125 0.0578125 0.03828125
0 0.1859375 0.91484375 0.09375 0.0484375
0 0.4796875 0.9 0.053125 0.04296875
0 0.71484375 0.84765625 0.06484375 0.04296875