0 0.8546875 0.4953125 0.08984375 0.08984375
0 0.68515625 0.475 0.08984375 0.08984375
0 0.6203125 0.46484375 0.03984375 0.08984375
0 0.2546875 0.5 0.05 0.1203125
0 0.3296875 0.5 0.06015625 0.0796875
0 0.41484375 0.53515625 0.0703125 0.0703125
0 0.475 0.41015625 0.05 0.1
0 0.53984375 0.475 0.06015625 0.0703125
0 0.1203125 0.2 0.1796875 0.26015625
0 0.2796875 0.31015625 0.1203125 0.1796875
0 0.8953125 0.4453125 0.1296875 0.2703125
0 0.9046875 0.13515625 0.1703125 0.2703125
0 0.66015625 0.1046875 0.1796875 0.209375
0 0.28984375 0.1203125 0.26015625 0.23984375
0 0.325 0.7703125 0.11015625 0.16015625
0 0.13984375 0.68515625 0.2796875 0.25
0 0.66484375 0.21484375 0.31015625 0.1703125
0 0.7046875 0.36484375 0.1296875 0.18984375
0 0.83984375 0.73515625 0.13984375 0.28984375
0 0.7453125 0.68984375 0.11015625 0.2796875
0 0.48515625 0.6953125 0.15 0.18984375
0 0.4046875 0.7703125 0.21015625 0.3
0 0.575 0.6546875 0.1703125 0.2703125