0 0.2609375 0.8640625 0.3296875 0.228125
0 0.61640625 0.80625 0.3390625 0.22109375
0 0.25 0.65390625 0.1421875 0.19453125
0 0.68125 0.6703125 0.15390625 0.2046875
0 0.459375 0.58515625 0.0671875 0.103125
0 0.8796875 0.6140625 0.16796875 0.28828125
0 0.61171875 0.553125 0.05078125 0.09609375
0 0.5359375 0.5328125 0.07421875 0.07421875
0 0.678125 0.55390625 0.09609375 0.0984375
0 0.85 0.5625 0.10078125 0.10078125
0 0.259375 0.46484375 0.0625 0.1203125
0 0.33046875 0.475 0.071875 0.09375
0 0.42421875 0.453125 0.0796875 0.0796875
0 0.5953125 0.359375 0.21171875 0.290625
0 0.76796875 0.35 0.1515625 0.2953125
0 0.515625 0.30546875 0.18515625 0.21171875
0 0.87109375 0.31953125 0.1921875 0.3125
0 0.3640625 0.21015625 0.13203125 0.178125
0 0.44453125 0.19453125 0.22578125 0.28828125