0 0.775 0.83671875 0.34140625 0.2546875
0 0.415625 0.81875 0.35078125 0.25
0 0.7640625 0.62734375 0.15859375 0.2046875
0 0.33671875 0.6890625 0.16796875 0.2140625
0 0.55078125 0.58046875 0.07421875 0.10546875
0 0.134375 0.65234375 0.1921875 0.29296875
0 0.39453125 0.56484375 0.0578125 0.09609375
0 0.4671875 0.5359375 0.0765625 0.0796875
0 0.328125 0.571875 0.10078125 0.10546875
0 0.16015625 0.5984375 0.1078125 0.1109375
0 0.7359375 0.43984375 0.07421875 0.12265625
0 0.665625 0.45703125 0.0796875 0.0984375
0 0.56953125 0.44453125 0.08671875 0.08671875
0 0.3921875 0.36875 0.2359375 0.303125
0 0.2171875 0.37890625 0.178125 0.30078125
0 0.4640625 0.3078125 0.19921875 0.2234375
0 0.11171875 0.3609375 0.21875 0.3171875
0 0.6046875 0.196875 0.146875 0.18515625
0 0.52265625 0.19140625 0.25 0.30078125