0 0.61875 0.196875 0.13671875 0.10078125
0 0.21640625 0.18125 0.0625 0.103125
0 0.4234375 0.2671875 0.06953125 0.06953125
0 0.1578125 0.25625 0.06015625 0.06953125
0 0.571875 0.30078125 0.06484375 0.05546875
0 0.3734375 0.3109375 0.0671875 0.08203125
0 0.44375 0.33984375 0.103125 0.0984375
0 0.571875 0.365625 0.115625 0.0890625
0 0.0921875 0.3609375 0.071875 0.10546875
0 0.115625 0.46171875 0.0625 0.06953125
0 0.3578125 0.4890625 0.0984375 0.14921875
0 0.4828125 0.50703125 0.0765625 0.06953125
0 0.08515625 0.5203125 0.0484375 0.05546875
0 0.24765625 0.53828125 0.0578125 0.084375
0 0.0921875 0.57109375 0.0796875 0.07421875
0 0.44921875 0.67890625 0.08203125 0.115625
0 0.31875 0.709375 0.13671875 0.1296875
0 0.12890625 0.7453125 0.19453125 0.1515625