0 0.2875 0.3234375 0.07421875 0.1296875
0 0.6203125 0.34765625 0.05078125 0.1203125
0 0.7546875 0.38203125 0.0484375 0.16328125
0 0.2515625 0.38671875 0.06953125 0.103125
0 0.553125 0.4046875 0.0671875 0.16796875
0 0.4046875 0.475 0.0578125 0.0578125
0 0.6765625 0.49296875 0.0671875 0.06484375
0 0.9234375 0.525 0.1515625 0.10546875
0 0.66015625 0.53125 0.06953125 0.12734375
0 0.08203125 0.53828125 0.1203125 0.19921875
0 0.5828125 0.553125 0.0453125 0.08671875
0 0.7234375 0.55859375 0.0484375 0.09140625
0 0.81953125 0.55859375 0.05546875 0.09375
0 0.39921875 0.58046875 0.0671875 0.10546875
0 0.22265625 0.6078125 0.0625 0.09140625
0 0.67578125 0.6453125 0.084375 0.07421875
0 0.53515625 0.6515625 0.15390625 0.13671875
0 0.3921875 0.67421875 0.06953125 0.09140625
0 0.66796875 0.68046875 0.05078125 0.084375
0 0.459375 0.6859375 0.053125 0.08671875
0 0.3078125 0.70078125 0.06953125 0.1203125
0 0.19609375 0.7484375 0.03828125 0.09140625
0 0.41328125 0.7828125 0.06953125 0.1078125
0 0.5375 0.78828125 0.1390625 0.10078125
0 0.39296875 0.80859375 0.1515625 0.15625
0 0.14453125 0.8265625 0.0453125 0.09375
0 0.17890625 0.8421875 0.03828125 0.06484375
0 0.2515625 0.8453125 0.040625 0.09140625
0 0.678125 0.89296875 0.11328125 0.13203125
0 0.34765625 0.928125 0.165625 0.12734375
0 0.1296875 0.946875 0.0359375 0.0890625