0 0.9515625 0.6765625 0.09375 0.13203125
0 0.5734375 0.7171875 0.178125 0.11796875
0 0.3609375 0.75859375 0.25 0.14921875
0 0.6234375 0.5484375 0.146875 0.0890625
0 0.41953125 0.55390625 0.103125 0.115625
0 0.2328125 0.509375 0.18515625 0.165625
0 0.4828125 0.3453125 0.17578125 0.1296875
0 0.13203125 0.384375 0.1296875 0.146875
0 0.22578125 0.34765625 0.103125 0.1203125
0 0.4046875 0.2515625 0.28125 0.15625
0 0.290625 0.2359375 0.1078125 0.125
0 0.63359375 0.12109375 0.21640625 0.15390625
0 0.5015625 0.853125 0.2140625 0.22578125