0 0.0578125 0.7328125 0.115625 0.1203125
0 0.4546875 0.725 0.1734375 0.10078125
0 0.66953125 0.7390625 0.2453125 0.12265625
0 0.38203125 0.5625 0.1421875 0.07421875
0 0.58671875 0.54296875 0.09140625 0.10546875
0 0.7671875 0.47734375 0.1703125 0.14921875
0 0.49765625 0.34375 0.16796875 0.1109375
0 0.85078125 0.34140625 0.115625 0.13671875
0 0.75390625 0.31484375 0.09375 0.1109375
0 0.5640625 0.24140625 0.27421875 0.125
0 0.67578125 0.21171875 0.0984375 0.115625
0 0.32109375 0.140625 0.20703125 0.13203125
0 0.5421875 0.85078125 0.19453125 0.209375