0 0.16015625 0.83046875 0.12265625 0.28125
0 0.25390625 0.2453125 0.11328125 0.10078125
0 0.3765625 0.3265625 0.09375 0.16796875
0 0.9171875 0.75859375 0.103125 0.290625
0 0.18359375 0.44609375 0.12734375 0.1078125
0 0.15625 0.25859375 0.0671875 0.1421875
0 0.3609375 0.44453125 0.134375 0.09140625
0 0.29453125 0.58515625 0.146875 0.13203125
0 0.76796875 0.29921875 0.1515625 0.13671875
0 0.83203125 0.4109375 0.14921875 0.1390625
0 0.6 0.5984375 0.12734375 0.303125
0 0.67578125 0.61640625 0.1875 0.26171875