0 0.26171875 0.475 0.12734375 0.2015625
0 0.4234375 0.5015625 0.0890625 0.134375
0 0.8078125 0.57421875 0.115625 0.06953125
0 0.35078125 0.6296875 0.1078125 0.10546875
0 0.30546875 0.66015625 0.0765625 0.084375
0 0.2046875 0.67578125 0.0625 0.08203125
0 0.87734375 0.72265625 0.1296875 0.08671875
0 0.603125 0.75703125 0.0765625 0.16328125
0 0.72265625 0.7828125 0.10078125 0.2765625
0 0.23671875 0.803125 0.08671875 0.209375
0 0.078125 0.83984375 0.134375 0.28125
0 0.43125 0.84765625 0.10546875 0.28125
0 0.83984375 0.8609375 0.0984375 0.2765625