0 0.6046875 0.759375 0.06953125 0.15859375
0 0.42578125 0.5046875 0.09140625 0.1296875
0 0.83984375 0.8609375 0.0984375 0.259375
0 0.875 0.725 0.1296875 0.0890625
0 0.81015625 0.57578125 0.1203125 0.06953125
0 0.22578125 0.4796875 0.1296875 0.19921875
0 0.08203125 0.83984375 0.1390625 0.28125
0 0.20546875 0.68046875 0.06953125 0.08203125
0 0.2359375 0.80546875 0.09140625 0.21171875
0 0.31015625 0.66015625 0.08203125 0.0796875
0 0.35546875 0.6296875 0.1109375 0.10078125
0 0.43515625 0.85 0.1109375 0.28125
0 0.7203125 0.78515625 0.0984375 0.271875