3 0.46015625 0.6453125 0.06015625 0.25
3 0.2703125 0.625 0.06015625 0.15
3 0.0953125 0.5796875 0.05 0.26015625
3 0.3203125 0.18984375 0.06015625 0.03984375
3 0.91015625 0.73515625 0.1 0.28984375
3 0.9046875 0.4296875 0.05 0.1203125
3 0.7296875 0.6796875 0.06015625 0.1796875
3 0.71015625 0.78515625 0.0796875 0.11015625
3 0.775 0.86015625 0.05 0.1796875
3 0.6796875 0.48515625 0.1 0.2296875
3 0.86484375 0.68984375 0.05 0.1796875
3 0.73984375 0.4 0.0796875 0.16015625
3 0.1453125 0.325 0.0703125 0.1296875
3 0.43984375 0.45 0.06015625 0.2203125
3 0.3703125 0.58515625 0.0796875 0.21015625
3 0.8953125 0.56015625 0.1296875 0.13984375
3 0.61015625 0.38515625 0.0796875 0.18984375