3 0.46328125 0.64375 0.06171875 0.25625
3 0.27421875 0.6234375 0.059375 0.146875
3 0.09453125 0.578125 0.0578125 0.25625
3 0.31640625 0.190625 0.059375 0.04375
3 0.909375 0.7390625 0.10390625 0.290625
3 0.9 0.428125 0.05 0.125
3 0.728125 0.6765625 0.05546875 0.178125
3 0.71171875 0.7828125 0.0765625 0.109375
3 0.775 0.859375 0.05390625 0.1875
3 0.68359375 0.484375 0.1015625 0.23125
3 0.86796875 0.6890625 0.0484375 0.184375
3 0.74140625 0.396875 0.075 0.1625
3 0.14296875 0.325 0.06328125 0.125
3 0.440625 0.4484375 0.065625 0.221875
3 0.37109375 0.5890625 0.0765625 0.209375
3 0.89609375 0.55625 0.1234375 0.1375
3 0.609375 0.3859375 0.084375 0.190625