0 0.12734375 0.24609375 0.125 0.1515625
0 0.72109375 0.1765625 0.3265625 0.19453125
0 0.0578125 0.34609375 0.115625 0.134375
0 0.13828125 0.45546875 0.21875 0.1703125
0 0.33671875 0.40625 0.16796875 0.15859375
0 0.80390625 0.34375 0.2953125 0.23046875
0 0.5109375 0.49296875 0.25234375 0.14453125
0 0.7234375 0.52265625 0.1921875 0.1421875
0 0.29453125 0.6765625 0.25703125 0.25703125
0 0.44453125 0.66015625 0.240625 0.25234375
0 0.31640625 0.7875 0.25234375 0.18046875
0 0.63203125 0.72578125 0.25 0.1875
0 0.68125 0.8609375 0.31484375 0.1921875
0 0.37265625 0.146875 0.1875 0.178125