0 0.21171875 0.15234375 0.10078125 0.13203125
0 0.8015625 0.2484375 0.31015625 0.13671875
0 0.1046875 0.225 0.12265625 0.11328125
0 0.16328125 0.3578125 0.196875 0.134375
0 0.36875 0.36640625 0.146875 0.13203125
0 0.83671875 0.4328125 0.26953125 0.1828125
0 0.51328125 0.4953125 0.24296875 0.09609375
0 0.71015625 0.5828125 0.17578125 0.1078125
0 0.25390625 0.61328125 0.21875 0.22109375
0 0.4015625 0.63828125 0.2015625 0.21875
0 0.24375 0.725 0.2328125 0.13671875
0 0.56640625 0.75234375 0.228125 0.14453125
0 0.57578125 0.896875 0.30078125 0.134375
0 0.475 0.125 0.1609375 0.14921875