0 0.12734375 0.24609375 0.125 0.15
0 0.72109375 0.175 0.328125 0.1953125
0 0.0578125 0.3453125 0.115625 0.134375
0 0.13828125 0.45546875 0.21875 0.171875
0 0.3359375 0.40625 0.16875 0.159375
0 0.80390625 0.34296875 0.296875 0.23125
0 0.5109375 0.49140625 0.253125 0.14375
0 0.7234375 0.52265625 0.190625 0.140625
0 0.29375 0.6765625 0.2578125 0.2578125
0 0.44296875 0.66015625 0.240625 0.253125
0 0.31640625 0.78671875 0.253125 0.1796875
0 0.63203125 0.725 0.25 0.1875
0 0.68203125 0.86015625 0.315625 0.190625
0 0.37109375 0.1453125 0.1875 0.178125