0 0.51015625 0.4953125 0.23984375 0.08984375
0 0.41015625 0.6453125 0.2 0.21015625
0 0.36484375 0.375 0.15 0.1296875
0 0.5796875 0.75 0.2203125 0.13984375
0 0.2546875 0.73515625 0.2296875 0.1296875
0 0.26015625 0.625 0.2203125 0.21015625
0 0.7953125 0.23984375 0.31015625 0.1203125
0 0.83515625 0.425 0.2703125 0.1703125
0 0.46015625 0.125 0.16015625 0.15
0 0.16015625 0.375 0.2 0.1296875
0 0.58984375 0.88984375 0.3 0.1203125
0 0.71484375 0.5796875 0.1703125 0.1
0 0.1796875 0.16484375 0.1 0.1296875
0 0.1 0.23984375 0.1203125 0.1