1 0.634375 0.240625 0.09140625 0.10078125
1 0.3796875 0.6609375 0.08203125 0.1390625
1 0.71015625 0.18984375 0.0796875 0.1203125
1 0.06953125 0.509375 0.1390625 0.259375
1 0.1109375 0.69921875 0.1203125 0.1203125
1 0.1296875 0.83203125 0.08203125 0.1390625
1 0.1859375 0.8546875 0.06953125 0.1703125
1 0.2703125 0.9203125 0.0984375 0.1390625
1 0.3765625 0.93984375 0.06953125 0.10078125
1 0.740625 0.80546875 0.08203125 0.1109375
1 0.85 0.646875 0.06015625 0.1109375
1 0.65625 0.475 0.1109375 0.1515625
1 0.68046875 0.6203125 0.03828125 0.08203125
1 0.56640625 0.4046875 0.06953125 0.06953125
1 0.8015625 0.2359375 0.18046875 0.1296875
1 0.71484375 0.3953125 0.0890625 0.1703125
1 0.6 0.7609375 0.06015625 0.06015625
1 0.44609375 0.81640625 0.06953125 0.06953125
1 0.525 0.6453125 0.05078125 0.06953125
1 0.3109375 0.69453125 0.06015625 0.1109375
1 0.2203125 0.68515625 0.0796875 0.1296875