1 0.634375 0.240625 0.09140625 0.10078125
1 0.3796875 0.66015625 0.08203125 0.1390625
1 0.71015625 0.18984375 0.08203125 0.1203125
1 0.06953125 0.509375 0.1390625 0.259375
1 0.1109375 0.69921875 0.1203125 0.1203125
1 0.1296875 0.83046875 0.0796875 0.1390625
1 0.18515625 0.8546875 0.06953125 0.1703125
1 0.2703125 0.91953125 0.10078125 0.1390625
1 0.375 0.93984375 0.06953125 0.10078125
1 0.740625 0.80546875 0.08203125 0.1109375
1 0.85 0.6453125 0.06015625 0.1109375
1 0.6546875 0.475 0.1109375 0.1515625
1 0.68046875 0.6203125 0.040625 0.08203125
1 0.56484375 0.4046875 0.06953125 0.06953125
1 0.80078125 0.2359375 0.18046875 0.1296875
1 0.71484375 0.3953125 0.09140625 0.1703125
1 0.6 0.759375 0.06015625 0.06015625
1 0.44453125 0.81484375 0.06953125 0.06953125
1 0.525 0.6453125 0.05078125 0.06953125
1 0.31015625 0.69453125 0.06015625 0.1109375
1 0.2203125 0.68515625 0.08203125 0.1296875