0 0.509375 0.94921875 0.1203125 0.08203125
0 0.44453125 0.40625 0.1296875 0.1296875
0 0.6 0.3765625 0.0984375 0.06953125
0 0.475 0.24140625 0.06953125 0.18046875
0 0.33203125 0.80546875 0.1390625 0.25
0 0.665625 0.93984375 0.1109375 0.10078125
0 0.70546875 0.646875 0.06953125 0.1109375
0 0.21484375 0.33515625 0.1515625 0.06953125
0 0.1546875 0.3890625 0.18984375 0.10078125
0 0.4859375 0.72578125 0.1109375 0.1296875
0 0.53984375 0.8453125 0.0796875 0.06953125
0 0.6390625 0.8453125 0.08203125 0.05078125
0 0.6453125 0.775 0.0890625 0.06953125
0 0.54453125 0.7609375 0.06953125 0.06015625
0 0.46015625 0.509375 0.1609375 0.1390625
0 0.5953125 0.57109375 0.05078125 0.06015625
0 0.70703125 0.80078125 0.1109375 0.1390625
0 0.18515625 0.6046875 0.16796875 0.1515625
0 0.1390625 0.8609375 0.15859375 0.259375