0 0.2234375 0.32109375 0.1515625 0.071875
0 0.60546875 0.375 0.103125 0.0765625
0 0.1578125 0.37890625 0.1875 0.10546875
0 0.44921875 0.4 0.13671875 0.13203125
0 0.4578125 0.50703125 0.1703125 0.1421875
0 0.58984375 0.56953125 0.0484375 0.06953125
0 0.1828125 0.5953125 0.17578125 0.16328125
0 0.4703125 0.60703125 0.08671875 0.178125
0 0.6984375 0.64921875 0.07421875 0.11328125
0 0.5375 0.759375 0.07421875 0.0671875
0 0.47265625 0.76171875 0.10546875 0.12734375
0 0.63671875 0.7765625 0.0890625 0.0796875
0 0.69609375 0.803125 0.115625 0.1421875
0 0.525 0.84609375 0.084375 0.0765625
0 0.6265625 0.85 0.08203125 0.0484375
0 0.12734375 0.85078125 0.1703125 0.2765625
0 0.65234375 0.94375 0.115625 0.1109375
0 0.49296875 0.9515625 0.12265625 0.09375