0 0.240625 0.7015625 0.15859375 0.084375
0 0.61640625 0.615625 0.1078125 0.084375
0 0.16796875 0.6515625 0.196875 0.1203125
0 0.459375 0.603125 0.146875 0.14453125
0 0.45703125 0.49609375 0.1828125 0.15625
0 0.584375 0.421875 0.05546875 0.071875
0 0.17578125 0.4328125 0.1875 0.178125
0 0.46171875 0.396875 0.10078125 0.18046875
0 0.68515625 0.334375 0.084375 0.11796875
0 0.5140625 0.23828125 0.08203125 0.071875
0 0.44921875 0.24140625 0.115625 0.134375
0 0.61171875 0.2125 0.09609375 0.08671875
0 0.66796875 0.18125 0.125 0.1515625
0 0.49375 0.15234375 0.0890625 0.08203125
0 0.5953125 0.140625 0.08671875 0.05546875
0 0.0984375 0.18359375 0.1921875 0.28828125
0 0.61328125 0.053125 0.12265625 0.10546875
0 0.4515625 0.0515625 0.1296875 0.103125