0 0.51015625 0.95 0.1203125 0.0796875
0 0.4453125 0.4046875 0.1296875 0.1296875
0 0.6 0.375 0.1 0.0703125
0 0.475 0.23984375 0.0703125 0.1796875
0 0.3296875 0.8046875 0.13984375 0.25
0 0.66484375 0.93984375 0.11015625 0.1
0 0.7046875 0.6453125 0.0703125 0.11015625
0 0.21484375 0.33515625 0.15 0.0703125
0 0.1546875 0.38984375 0.18984375 0.1
0 0.48515625 0.725 0.11015625 0.1296875
0 0.53984375 0.8453125 0.0796875 0.0703125
0 0.63984375 0.8453125 0.0796875 0.05
0 0.6453125 0.775 0.08984375 0.0703125
0 0.5453125 0.76015625 0.0703125 0.06015625
0 0.46015625 0.51015625 0.16015625 0.13984375
0 0.5953125 0.5703125 0.05 0.06015625
0 0.7046875 0.8 0.11015625 0.13984375
0 0.18515625 0.6046875 0.1703125 0.15
0 0.13984375 0.86015625 0.16015625 0.26015625