0 0.3546875 0.16484375 0.05078125 0.05078125
0 0.3609375 0.37109375 0.03828125 0.06015625
0 0.5296875 0.20078125 0.040625 0.06015625
0 0.54453125 0.33515625 0.05078125 0.06953125
0 0.6265625 0.24609375 0.05078125 0.05078125
0 0.66015625 0.20546875 0.040625 0.03125
0 0.25 0.4046875 0.08203125 0.06953125
0 0.18046875 0.3703125 0.10078125 0.10078125
0 0.28984375 0.2609375 0.0796875 0.06015625
0 0.4 0.3546875 0.040625 0.0890625
0 0.1296875 0.8453125 0.08203125 0.1515625
0 0.08046875 0.7453125 0.06015625 0.09140625
0 0.68046875 0.7203125 0.10078125 0.18046875
0 0.58984375 0.56484375 0.0984375 0.14921875
0 0.66484375 0.35 0.05078125 0.040625
0 0.41484375 0.24140625 0.06953125 0.06015625
0 0.3453125 0.28515625 0.03125 0.05078125