0 0.725 0.7875 0.06484375 0.06953125
0 0.86875 0.740625 0.0578125 0.0671875
0 0.55390625 0.79921875 0.053125 0.0671875
0 0.421875 0.828125 0.0453125 0.04296875
0 0.64765625 0.73046875 0.0890625 0.07421875
0 0.7671875 0.67578125 0.08671875 0.07421875
0 0.70703125 0.66796875 0.053125 0.0625
0 0.5 0.6734375 0.06484375 0.0796875
0 0.38125 0.6875 0.0625 0.06015625
0 0.63671875 0.615625 0.0625 0.0984375
0 0.83984375 0.54296875 0.115625 0.115625
0 0.6734375 0.5875 0.05546875 0.06953125
0 0.3390625 0.6421875 0.0890625 0.08203125
0 0.396875 0.45703125 0.1421875 0.1703125
0 0.8390625 0.15234375 0.0796875 0.103125
0 0.76484375 0.0765625 0.1234375 0.153125
0 0.73046875 0.84375 0.071875 0.0671875