0 0.64453125 0.203125 0.071875 0.05546875
0 0.5890625 0.15 0.053125 0.11328125
0 0.4171875 0.91328125 0.05546875 0.08203125
0 0.4265625 0.8078125 0.06015625 0.0578125
0 0.4234375 0.86875 0.0578125 0.040625
0 0.93984375 0.55625 0.10078125 0.11328125
0 0.91015625 0.6421875 0.11328125 0.10078125
0 0.44609375 0.56640625 0.06484375 0.09375
0 0.4 0.42890625 0.07421875 0.09375
0 0.35234375 0.3703125 0.05546875 0.1109375
0 0.34609375 0.27265625 0.053125 0.05546875
0 0.54921875 0.4671875 0.084375 0.0796875
0 0.5875 0.6265625 0.103125 0.12265625
0 0.4953125 0.69453125 0.071875 0.125