0 0.37109375 0.19453125 0.07421875 0.0578125
0 0.66484375 0.28359375 0.0578125 0.0578125
0 0.6546875 0.37734375 0.06015625 0.115625
0 0.603125 0.4328125 0.08203125 0.0984375
0 0.4515625 0.46484375 0.0890625 0.084375
0 0.05859375 0.53359375 0.10546875 0.11796875
0 0.55078125 0.56875 0.06953125 0.09609375
0 0.4046875 0.62109375 0.1109375 0.12734375
0 0.08203125 0.61875 0.1203125 0.10546875
0 0.4953125 0.69375 0.0796875 0.165625
0 0.5484375 0.8171875 0.0625 0.0625
0 0.5578125 0.87109375 0.06015625 0.04296875
0 0.5609375 0.915625 0.06015625 0.08671875
0 0.43125 0.146875 0.0578125 0.11796875