0 0.32 0.8535825546875 0.385 0.8660436140625001 0.5 0.8317757015625 0.45999999999999996 0.7943925234375 0.38 0.7725856703125 0.3225 0.7819314640624999 0.31 0.8130841125 0.32 0.8535825546875
0 0.185 0.741433021875 0.225 0.741433021875 0.27749999999999997 0.7227414328124999 0.24 0.6448598125 0.1775 0.6292834890625 0.095 0.6666666671875 0.057499999999999996 0.6978193140625 0.185 0.741433021875
0 0.45 0.50078125 0.19609375 0.259375
0 0.35 0.2484375 0.196875 0.3828125
0 0.84921875 0.5796875 0.13984375 0.06796875
0 0.721875 0.6359375 0.1203125 0.12109375
0 0.63046875 0.40703125 0.16328125 0.125
0 0.56953125 0.2765625 0.18671875 0.084375
0 0.60078125 0.12734375 0.1484375 0.221875
0 0.746875 0.20234375 0.096875 0.2
0 0.85625 0.3921875 0.13671875 0.11328125