0 0.475 0.31484375 0.0703125 0.15
0 0.51015625 0.5296875 0.1 0.13984375
0 0.46484375 0.6046875 0.18984375 0.0703125
0 0.63984375 0.4046875 0.1203125 0.15
0 0.5703125 0.1703125 0.16015625 0.1
0 0.5796875 0.2546875 0.0796875 0.1296875
0 0.73984375 0.36484375 0.1796875 0.08984375
0 0.88515625 0.3 0.15 0.13984375
0 0.9296875 0.55 0.1 0.2203125
0 0.7203125 0.81484375 0.1203125 0.18984375
0 0.46015625 0.78984375 0.13984375 0.1
0 0.61484375 0.8953125 0.11015625 0.18984375
0 0.0703125 0.46015625 0.13984375 0.16015625
0 0.0953125 0.63515625 0.11015625 0.0703125
0 0.16484375 0.775 0.15 0.1703125
0 0.275 0.5296875 0.11015625 0.1203125
0 0.26484375 0.325 0.1296875 0.08984375
0 0.18515625 0.25 0.08984375 0.13984375
0 0.08515625 0.2953125 0.15 0.08984375
0 0.7 0.15 0.0796875 0.1
0 0.68984375 0.0703125 0.0796875 0.1203125
0 0.7953125 0.6046875 0.11015625 0.18984375
0 0.66484375 0.6546875 0.1703125 0.11015625