0 0.3890625 0.5390625 0.1546875 0.06640625
0 0.54765625 0.5 0.14765625 0.0421875
0 0.63359375 0.55703125 0.08359375 0.0734375
0 0.82109375 0.56484375 0.1109375 0.115625
0 0.87421875 0.471875 0.11953125 0.034375
0 0.44140625 0.6265625 0.15625 0.09921875
0 0.228125 0.62421875 0.16015625 0.1
0 0.23046875 0.51875 0.10546875 0.07421875
0 0.7203125 0.6578125 0.1625 0.08515625
0 0.28203125 0.353125 0.1796875 0.08984375
0 0.57578125 0.27109375 0.13359375 0.1078125
0 0.3078125 0.759375 0.11875 0.08984375
0 0.17109375 0.86015625 0.11015625 0.06953125
0 0.365625 0.934375 0.05078125 0.040625