3 0.63671875 0.6078125 0.14921875 0.27890625
3 0.1359375 0.5453125 0.21875 0.178125
3 0.29921875 0.67578125 0.11328125 0.2546875
3 0.23203125 0.3890625 0.1421875 0.196875
3 0.30859375 0.3078125 0.146875 0.14453125
3 0.4828125 0.4515625 0.1296875 0.08203125
3 0.634375 0.4234375 0.178125 0.09140625
3 0.7390625 0.365625 0.06484375 0.2359375
3 0.8734375 0.525 0.21875 0.1609375
3 0.57421875 0.87265625 0.14921875 0.09609375
3 0.4546875 0.86640625 0.10078125 0.09375
3 0.5265625 0.93515625 0.0671875 0.09140625
3 0.584375 0.1828125 0.08671875 0.1875
3 0.45703125 0.11875 0.14453125 0.1703125
3 0.59609375 0.290625 0.09609375 0.0578125
3 0.5171875 0.228125 0.0671875 0.1203125
3 0.48046875 0.24609375 0.10546875 0.0984375
3 0.37109375 0.63125 0.084375 0.1515625