0 0.7875 0.6390625 0.2265625 0.15
0 0.8265625 0.56171875 0.13828125 0.13671875
0 0.353125 0.465625 0.1921875 0.1109375
0 0.30234375 0.575 0.26953125 0.125
0 0.2625 0.76484375 0.22734375 0.125
0 0.54921875 0.87890625 0.18046875 0.18359375
0 0.51484375 0.76328125 0.09453125 0.0609375
0 0.4140625 0.73515625 0.0609375 0.059375
0 0.57890625 0.6890625 0.0921875 0.0546875
0 0.6765625 0.50234375 0.071875 0.0484375
0 0.64453125 0.4390625 0.04765625 0.03984375
0 0.45078125 0.63203125 0.0484375 0.05859375
0 0.459375 0.665625 0.078125 0.0484375
0 0.6 0.62734375 0.06640625 0.065625
0 0.53515625 0.71015625 0.06171875 0.040625
0 0.95859375 0.6828125 0.0828125 0.0609375
0 0.51796875 0.50234375 0.078125 0.0390625
0 0.5359375 0.471875 0.04765625 0.05625
0 0.54765625 0.41796875 0.04921875 0.040625
0 0.378125 0.30390625 0.12109375 0.1484375
0 0.5125 0.23046875 0.12890625 0.18671875
0 0.36875 0.20546875 0.06875 0.0453125
0 0.4359375 0.2484375 0.06484375 0.059375
0 0.328125 0.1546875 0.1484375 0.11015625
0 0.41640625 0.12890625 0.03203125 0.0421875
0 0.4421875 0.09140625 0.05703125 0.034375
0 0.43125 0.03828125 0.1203125 0.04609375
0 0.484375 0.0328125 0.0484375 0.06484375
0 0.5671875 0.08984375 0.11171875 0.0703125
0 0.06171875 0.03359375 0.03671875 0.02265625
0 0.06640625 0.10625 0.03828125 0.0375
0 0.09765625 0.04140625 0.04609375 0.02265625
0 0.15703125 0.06796875 0.04765625 0.02421875
0 0.09765625 0.109375 0.03515625 0.03203125
0 0.11640625 0.18203125 0.1046875 0.0390625
0 0.1765625 0.2484375 0.12421875 0.08359375
0 0.2390625 0.275 0.115625 0.10390625
0 0.11171875 0.33203125 0.1171875 0.090625
0 0.1796875 0.015625 0.0515625 0.02578125
0 0.23515625 0.0359375 0.0671875 0.05390625
0 0.26171875 0.10625 0.09296875 0.046875
0 0.2578125 0.1609375 0.08671875 0.05546875
0 0.03671875 0.33359375 0.07265625 0.0359375
0 0.1828125 0.3578125 0.0609375 0.0640625
0 0.2328125 0.40234375 0.165625 0.0421875
0 0.04765625 0.240625 0.04140625 0.0125
0 0.06328125 0.26953125 0.0390625 0.01015625
0 0.55546875 0.31953125 0.09453125 0.0296875
0 0.50546875 0.36171875 0.03515625 0.04453125
0 0.51484375 0.40078125 0.0296875 0.03046875
0 0.3828125 0.39921875 0.0390625 0.046875
0 0.46171875 0.2953125 0.02890625 0.02265625
0 0.3234375 0.12734375 0.06796875 0.021875
0 0.5015625 0.28671875 0.03828125 0.01484375
0 0.64375 0.128125 0.0484375 0.0375
0 0.6296875 0.20390625 0.06875 0.053125
0 0.5546875 0.3828125 0.0484375 0.02421875
0 0.47265625 0.3671875 0.0484375 0.02109375
0 0.565625 0.34453125 0.040625 0.01953125
0 0.53515625 0.33046875 0.0421875 0.03125
0 0.67265625 0.3578125 0.07578125 0.0453125
0 0.63515625 0.37421875 0.03359375 0.03203125
0 0.76640625 0.35390625 0.0875 0.025
0 0.828125 0.33515625 0.03359375 0.015625
0 0.62890625 0.0828125 0.0625 0.0359375
0 0.72109375 0.1484375 0.07265625 0.2
0 0.75625 0.01875 0.0390625 0.0375
0 0.85546875 0.38515625 0.10078125 0.0828125
0 0.9421875 0.3671875 0.04765625 0.04375
0 0.90078125 0.3171875 0.06953125 0.0375
0 0.90078125 0.08515625 0.08515625 0.10234375
0 0.93515625 0.21015625 0.06796875 0.0453125
0 0.96328125 0.28828125 0.0734375 0.0390625
0 0.9828125 0.340625 0.034375 0.04375
0 0.9234375 0.446875 0.05703125 0.03125
0 0.4640625 0.871875 0.09296875 0.07421875
0 0.35625 0.84375 0.0921875 0.06328125
0 0.43515625 0.35390625 0.04375 0.02578125
0 0.45546875 0.33515625 0.0265625 0.015625
0 0.309375 0.3296875 0.04609375 0.03828125
0 0.26875 0.2140625 0.0546875 0.01640625
0 0.1796875 0.2015625 0.03984375 0.01796875