0 0.65 0.18046875 0.103125 0.1109375
0 0.19140625 0.24375 0.12734375 0.1515625
0 0.46171875 0.2453125 0.10078125 0.115625
0 0.33984375 0.25390625 0.12265625 0.084375
0 0.36328125 0.3109375 0.15859375 0.1078125
0 0.29296875 0.3125 0.115625 0.115625
0 0.63203125 0.31640625 0.1921875 0.11328125
0 0.9015625 0.3375 0.1296875 0.13671875
0 0.51953125 0.36640625 0.0671875 0.12734375
0 0.2328125 0.3796875 0.1296875 0.10078125
0 0.4078125 0.3890625 0.146875 0.0484375
0 0.396875 0.3890625 0.14453125 0.1109375
0 0.71171875 0.39453125 0.09609375 0.0625
0 0.87734375 0.47265625 0.1734375 0.1609375
0 0.5921875 0.47265625 0.1515625 0.11796875
0 0.26171875 0.48671875 0.09140625 0.18046875
0 0.3546875 0.54921875 0.11328125 0.24296875
0 0.0890625 0.553125 0.1203125 0.134375
0 0.4359375 0.56640625 0.084375 0.2140625
0 0.165625 0.61171875 0.08671875 0.290625
0 0.91484375 0.61328125 0.11328125 0.14921875
0 0.6265625 0.61640625 0.1078125 0.19453125
0 0.56953125 0.646875 0.08203125 0.1921875
0 0.2484375 0.68359375 0.11328125 0.0890625
0 0.53828125 0.71484375 0.115625 0.1078125
0 0.77421875 0.72734375 0.10546875 0.2953125
0 0.2234375 0.7765625 0.125 0.125
0 0.3859375 0.7875 0.11796875 0.13671875
0 0.45703125 0.8125 0.08671875 0.16328125
0 0.53515625 0.89921875 0.12265625 0.1875
0 0.225 0.90625 0.11328125 0.1875
0 0.3546875 0.909375 0.125 0.18125
0 0.38828125 0.10234375 0.06953125 0.0890625