0 0.6234375 0.503125 0.3 0.2328125
0 0.46640625 0.91875 0.275 0.16171875
0 0.58984375 0.74765625 0.35859375 0.1265625
0 0.1875 0.8046875 0.35390625 0.165625
0 0.3453125 0.54453125 0.11171875 0.084375
0 0.19921875 0.66796875 0.134375 0.09609375
0 0.1828125 0.53359375 0.159375 0.09375
0 0.440625 0.37421875 0.36796875 0.0640625
0 0.80078125 0.3625 0.30390625 0.06484375
0 0.721875 0.27265625 0.32578125 0.06640625
0 0.569191553125 0.314570378125 0.5820346359374999 0.2966253734375 0.5640543 0.2966253734375 0.5409367125 0.2844690421875 0.5165349328125 0.2723127328125 0.51268196875 0.280995809375 0.4998388859375 0.287942296875 0.45231951875 0.27810145 0.4369077609375 0.28910002343749996 0.3277415578125 0.30820279687499996 0.257104603125 0.35914350625 0.41250588437499996 0.3446717125 0.42534896718750004 0.345250575 0.4792899734375 0.329621034375 0.495985921875 0.3319365296875 0.5125240546875001 0.3249421296875 0.5306623046875 0.3261478125 0.547358253125 0.323832315625 0.569191553125 0.314570378125
0 0.5036918499999999 0.271154996875 0.49084876718750003 0.2497367375 0.4818585515625 0.2595775609375 0.43048622031250006 0.24452689374999997 0.4420450140625 0.25784094999999996 0.40865301875000004 0.251473359375 0.331594521875 0.251473359375 0.24277453750000003 0.29890046406250004 0.28535944375 0.29199438125 0.4099373078125 0.290257759375 0.5036918499999999 0.271154996875
0 0.39375 0.62421875 0.0578125 0.06796875