0 0.28984375 0.7953125 0.16015625 0.1515625
0 0.44140625 0.71796875 0.15546875 0.1453125
0 0.21640625 0.6328125 0.171875 0.10078125
0 0.64296875 0.51015625 0.19765625 0.12109375
0 0.678125 0.44140625 0.12265625 0.11328125
0 0.2390625 0.47578125 0.21328125 0.10703125
0 0.4140625 0.6265625 0.08671875 0.053125
0 0.2703125 0.3796875 0.15 0.10625
0 0.47265625 0.55546875 0.0796875 0.053125
0 0.4828125 0.509375 0.05703125 0.05625
0 0.4171875 0.40546875 0.06796875 0.03125
0 0.54453125 0.39765625 0.06484375 0.0421875
0 0.41484375 0.3765625 0.04609375 0.05
0 0.51953125 0.34453125 0.04140625 0.03203125
0 0.4328125 0.33125 0.0421875 0.03359375
0 0.36015625 0.51953125 0.040625 0.0484375
0 0.37578125 0.5453125 0.0609375 0.03828125
0 0.43515625 0.5796875 0.053125 0.03203125
0 0.2875 0.69453125 0.06875 0.0515625
0 0.36953125 0.7171875 0.06640625 0.059375
0 0.334375 0.60234375 0.0515625 0.05078125
0 0.21015625 0.08671875 0.17421875 0.1734375
0 0.41953125 0.04765625 0.0421875 0.0609375
0 0.44453125 0.134375 0.05390625 0.01953125
0 0.41875 0.1625 0.03984375 0.01875
0 0.36015625 0.11875 0.0515625 0.0203125
0 0.4265625 0.296875 0.0328125 0.03515625
0 0.4109375 0.23125 0.05859375 0.02578125
0 0.44140625 0.2484375 0.0296875 0.009375
0 0.54296875 0.30625 0.0609375 0.03515625
0 0.56796875 0.2875 0.06484375 0.028125
0 0.5515625 0.18984375 0.0390625 0.04296875
0 0.3828125 0.3 0.0359375 0.01953125
0 0.4015625 0.28671875 0.01953125 0.0125
0 0.45859375 0.2953125 0.0359375 0.01328125
0 0.0890625 0.13671875 0.15546875 0.2671875
0 0.075 0.3015625 0.10078125 0.04296875
0 0.18046875 0.309375 0.0734375 0.05078125
0 0.18046875 0.225 0.13984375 0.096875
0 0.32421875 0.284375 0.11171875 0.03671875
0 0.1890625 0.284375 0.0703125 0.02578125
0 0.228125 0.3171875 0.05078125 0.03359375
0 0.33125 0.240625 0.10703125 0.03046875
0 0.23203125 0.34296875 0.11171875 0.0265625
0 0.34765625 0.33671875 0.02734375 0.03515625
0 0.21171875 0.1453125 0.08203125 0.090625
0 0.32421875 0.1765625 0.03828125 0.02109375
0 0.696875 0.31328125 0.08359375 0.075
0 0.76953125 0.2875 0.0421875 0.03828125
0 0.62109375 0.30234375 0.06640625 0.0390625
0 0.6671875 0.275 0.02890625 0.0125
0 0.56171875 0.23046875 0.0546875 0.015625
0 0.7265625 0.25 0.0609375 0.0296875
0 0.77421875 0.24765625 0.046875 0.02265625
0 0.7546875 0.21953125 0.0375 0.0359375
0 0.61875 0.0671875 0.03515625 0.0265625
0 0.84921875 0.259375 0.12734375 0.13828125
0 0.8578125 0.35234375 0.04921875 0.0375
0 0.76953125 0.35703125 0.0390625 0.02109375
0 0.85 0.2953125 0.0328125 0.06640625
0 0.93359375 0.115625 0.0296875 0.01328125
0 0.9609375 0.2921875 0.078125 0.1328125
0 0.8890625 0.20546875 0.0859375 0.0359375
0 0.8828125 0.52890625 0.23359375 0.08515625
0 0.775 0.31796875 0.05234375 0.0140625
0 0.39609375 0.1140625 0.04375 0.0125
0 0.37734375 0.14375 0.0359375 0.009375
0 0.403125 0.2109375 0.028125 0.021875
0 0.465625 0.28046875 0.0296875 0.0203125
0 0.446875 0.25859375 0.01640625 0.0109375
0 0.365625 0.1546875 0.04609375 0.0125
0 0.4421875 0.11796875 0.07421875 0.02578125
0 0.33046875 0.2078125 0.03984375 0.01484375