0 0.8390625 0.26953125 0.0984375 0.0734375
0 0.54453125 0.303125 0.13203125 0.15
0 0.76640625 0.3328125 0.146875 0.09765625
0 0.17578125 0.353125 0.35078125 0.2578125
0 0.8203125 0.43359375 0.25390625 0.11796875
0 0.4515625 0.484375 0.125 0.16484375
0 0.26640625 0.53046875 0.23515625 0.17109375
0 0.6078125 0.57265625 0.2 0.19609375
0 0.871875 0.659375 0.25625 0.28125
0 0.6078125 0.665625 0.325 0.15234375
0 0.4703125 0.71953125 0.19453125 0.1078125
0 0.1203125 0.75078125 0.240625 0.246875
0 0.20703125 0.83046875 0.07265625 0.096875
0 0.8109375 0.084375 0.1453125 0.0671875
0 0.27421875 0.84609375 0.084375 0.0546875
0 0.4796875 0.8890625 0.3734375 0.22109375
0 0.25390625 0.921875 0.1234375 0.10078125
0 0.32421875 0.0984375 0.26484375 0.17734375
0 0.54296875 0.1015625 0.32734375 0.1140625
0 0.15625 0.146875 0.3125 0.209375
0 0.778125 0.14921875 0.11015625 0.04375
0 0.67890625 0.19140625 0.08828125 0.07578125