0 0.86171875 0.25859375 0.2765625 0.18984375
0 0.40703125 0.3046875 0.446875 0.246875
0 0.6703125 0.32421875 0.109375 0.12734375
0 0.8953125 0.40703125 0.209375 0.1015625
0 0.0984375 0.4546875 0.196875 0.39375
0 0.3 0.4703125 0.41015625 0.190625
0 0.85859375 0.56953125 0.2828125 0.2828125
0 0.23984375 0.5796875 0.18828125 0.1203125
0 0.60625 0.6484375 0.2 0.19375
0 0.09453125 0.73203125 0.15859375 0.08828125
0 0.371875 0.76796875 0.1609375 0.11875
0 0.41953125 0.08359375 0.653125 0.1671875
0 0.73203125 0.85859375 0.5359375 0.2828125
0 0.24140625 0.90625 0.16640625 0.1875