0 0.5171875 0.396875 0.0953125 0.11875
0 0.8609375 0.515625 0.23515625 0.32734375
0 0.5015625 0.53671875 0.25078125 0.2234375
0 0.31875 0.5640625 0.2875 0.459375
0 0.61875 0.8015625 0.2890625 0.396875
0 0.05234375 0.846875 0.1046875 0.30546875
0 0.38984375 0.85625 0.20390625 0.2875
0 0.20703125 0.09609375 0.29375 0.16171875
0 0.58515625 0.10859375 0.08515625 0.21640625
0 0.725 0.14765625 0.18671875 0.21015625
0 0.49765625 0.2109375 0.06640625 0.1671875
0 0.4 0.26328125 0.121875 0.171875
0 0.73203125 0.31640625 0.1734375 0.24609375