1 0.1359375 0.415625 0.13203125 0.22578125
1 0.1828125 0.4640625 0.071875 0.20703125
1 0.6390625 0.3453125 0.08203125 0.24296875
1 0.7921875 0.4953125 0.15625 0.16328125
1 0.8265625 0.6203125 0.1109375 0.134375
1 0.74765625 0.6234375 0.1109375 0.11328125
1 0.6875 0.54921875 0.0671875 0.12734375
1 0.2828125 0.36640625 0.07421875 0.0453125
1 0.38359375 0.3640625 0.06953125 0.06953125
1 0.396875 0.43359375 0.02890625 0.084375
1 0.35 0.47578125 0.07421875 0.053125
1 0.3078125 0.6421875 0.0578125 0.1390625
1 0.2484375 0.5796875 0.11328125 0.2640625
1 0.36328125 0.571875 0.09140625 0.1203125
1 0.49140625 0.4359375 0.1421875 0.11328125
1 0.57421875 0.478125 0.071875 0.1296875