1 0.134375 0.41484375 0.1296875 0.23046875
1 0.18515625 0.46484375 0.06953125 0.21171875
1 0.6390625 0.3453125 0.08203125 0.25
1 0.78984375 0.4953125 0.1609375 0.1703125
1 0.82421875 0.6203125 0.1109375 0.1390625
1 0.7453125 0.625 0.1109375 0.1109375
1 0.68515625 0.54453125 0.06953125 0.1296875
1 0.28515625 0.365625 0.06953125 0.05078125
1 0.384375 0.365625 0.06953125 0.06953125
1 0.3953125 0.43515625 0.02890625 0.09140625
1 0.35 0.475 0.08203125 0.05078125
1 0.31015625 0.6390625 0.06015625 0.1390625
1 0.25 0.58046875 0.1203125 0.259375
1 0.365625 0.56953125 0.0890625 0.1203125
1 0.490625 0.43515625 0.1390625 0.1109375
1 0.57421875 0.475 0.06953125 0.1296875