0 0.078125 0.26171875 0.11796875 0.125
0 0.7328125 0.8921875 0.08203125 0.1109375
0 0.8296875 0.60703125 0.115625 0.07421875
0 0.33046875 0.7296875 0.11328125 0.1421875
0 0.6765625 0.7921875 0.12734375 0.1078125
0 0.74609375 0.46015625 0.0984375 0.1609375
0 0.50625 0.63203125 0.084375 0.10078125
0 0.39765625 0.5453125 0.09375 0.10546875
0 0.4078125 0.8296875 0.06015625 0.1828125
0 0.625 0.65859375 0.10078125 0.16796875
0 0.64765625 0.30625 0.05078125 0.2046875
0 0.58046875 0.56875 0.0796875 0.0890625
0 0.47578125 0.4203125 0.08203125 0.14921875