0 0.4015625 0.35078125 0.1203125 0.1203125
0 0.125 0.3796875 0.1296875 0.1203125
0 0.365625 0.5140625 0.1296875 0.21171875
0 0.1046875 0.7296875 0.0890625 0.18046875
0 0.07421875 0.58203125 0.1296875 0.1390625
0 0.22109375 0.74609375 0.1203125 0.18984375
0 0.3703125 0.70546875 0.1390625 0.1703125
0 0.41484375 0.8703125 0.1515625 0.22109375
0 0.884375 0.45078125 0.09140625 0.18046875
0 0.91484375 0.2296875 0.06953125 0.18046875
0 0.7765625 0.240625 0.1296875 0.08203125
0 0.78515625 0.1109375 0.0890625 0.1390625
0 0.65 0.24609375 0.1609375 0.31015625
0 0.10546875 0.18984375 0.1109375 0.1390625
0 0.18046875 0.1046875 0.10078125 0.18984375
0 0.240625 0.18515625 0.10078125 0.1109375