0 0.4 0.35 0.1203125 0.1203125
0 0.125 0.3796875 0.1296875 0.1203125
0 0.36484375 0.51484375 0.1296875 0.21015625
0 0.1046875 0.7296875 0.08984375 0.1796875
0 0.075 0.5796875 0.1296875 0.13984375
0 0.2203125 0.7453125 0.1203125 0.18984375
0 0.3703125 0.7046875 0.13984375 0.1703125
0 0.41484375 0.8703125 0.15 0.2203125
0 0.88515625 0.45 0.08984375 0.1796875
0 0.91484375 0.2296875 0.0703125 0.1796875
0 0.775 0.23984375 0.1296875 0.0796875
0 0.78515625 0.11015625 0.08984375 0.13984375
0 0.65 0.2453125 0.16015625 0.31015625
0 0.1046875 0.18984375 0.11015625 0.13984375
0 0.1796875 0.1046875 0.1 0.18984375
0 0.23984375 0.18515625 0.1 0.11015625