0 0.2171875 0.68125 0.05078125 0.06953125
0 0.15234375 0.6625 0.07421875 0.05546875
0 0.5421875 0.47578125 0.0359375 0.0484375
0 0.4984375 0.81015625 0.05546875 0.053125
0 0.4484375 0.83671875 0.0265625 0.0625
0 0.5734375 0.865625 0.05078125 0.09609375
0 0.39765625 0.79296875 0.06015625 0.0765625
0 0.79453125 0.7703125 0.06484375 0.06015625
0 0.8140625 0.62734375 0.07421875 0.0625
0 0.3484375 0.7171875 0.0625 0.0796875
0 0.63359375 0.79921875 0.0453125 0.103125
0 0.7125 0.771875 0.05546875 0.10078125
0 0.3859375 0.49609375 0.0265625 0.0796875
0 0.4265625 0.48828125 0.0359375 0.0578125
0 0.4734375 0.50625 0.03359375 0.05078125
0 0.51796875 0.5265625 0.040625 0.0484375
0 0.4703125 0.67421875 0.0359375 0.09375
0 0.5171875 0.72578125 0.0578125 0.053125
0 0.57421875 0.5640625 0.071875 0.05546875