0 0.3203125 0.9296875 0.2796875 0.1203125
0 0.625 0.8203125 0.1296875 0.13984375
0 0.3953125 0.48984375 0.11015625 0.2
0 0.825 0.3453125 0.21015625 0.11015625
0 0.68984375 0.46015625 0.1203125 0.1796875
0 0.63515625 0.375 0.11015625 0.11015625
0 0.73515625 0.275 0.15 0.0703125
0 0.2296875 0.31015625 0.13984375 0.1
0 0.3296875 0.38984375 0.16015625 0.26015625
0 0.55 0.4546875 0.13984375 0.2296875
0 0.53515625 0.58984375 0.1703125 0.1203125
0 0.38515625 0.7546875 0.2703125 0.21015625
0 0.9046875 0.68984375 0.1703125 0.26015625
0 0.775 0.85 0.25 0.26015625