0 0.29765625 0.55390625 0.10546875 0.2453125
0 0.2359375 0.16171875 0.18671875 0.1453125
0 0.5703125 0.2359375 0.26171875 0.17265625
0 0.38671875 0.40859375 0.05234375 0.11796875
0 0.3859375 0.271875 0.04375 0.12265625
0 0.41484375 0.33984375 0.06015625 0.06875
0 0.50234375 0.37578125 0.078125 0.09765625
0 0.403125 0.65078125 0.15703125 0.3421875
0 0.53046875 0.68515625 0.13984375 0.32890625
0 0.61640625 0.6453125 0.0515625 0.121875
0 0.4765625 0.52109375 0.07578125 0.1484375
0 0.54140625 0.35546875 0.04296875 0.10546875
0 0.5359375 0.43125 0.0421875 0.04140625
0 0.69375 0.41875 0.24921875 0.21171875
0 0.653125 0.53671875 0.06953125 0.08515625
0 0.78125 0.6640625 0.28125 0.29609375
0 0.278125 0.25546875 0.05859375 0.0578125
0 0.30234375 0.396875 0.04453125 0.05859375
0 0.340625 0.421875 0.0484375 0.04375
0 0.40625 0.45546875 0.04609375 0.05546875
0 0.45390625 0.48046875 0.03671875 0.05078125