0 0.31484375 0.14296875 0.14921875 0.2046875
0 0.79453125 0.15 0.18515625 0.146875
0 0.4203125 0.78984375 0.1734375 0.228125
0 0.578125 0.45078125 0.12734375 0.12734375
0 0.07109375 0.50703125 0.13671875 0.16328125
0 0.10078125 0.2015625 0.09609375 0.16796875
0 0.21484375 0.1921875 0.1078125 0.1390625
0 0.55859375 0.2328125 0.2953125 0.20703125
0 0.7765625 0.4796875 0.34140625 0.2140625
0 0.80390625 0.63359375 0.2765625 0.24296875
0 0.43515625 0.59765625 0.33671875 0.23828125
0 0.6875 0.821875 0.2359375 0.35078125