0 0.196875 0.19921875 0.32109375 0.1515625
0 0.1578125 0.6421875 0.23203125 0.22890625
0 0.27421875 0.453125 0.08515625 0.13515625
0 0.409375 0.41328125 0.06953125 0.11875
0 0.32265625 0.61484375 0.06640625 0.13828125
0 0.47421875 0.59609375 0.09140625 0.0546875
0 0.4640625 0.2625 0.08671875 0.07890625
0 0.64921875 0.12890625 0.2765625 0.16796875
0 0.61015625 0.234375 0.0921875 0.06796875
0 0.5671875 0.46015625 0.09453125 0.11328125
0 0.77265625 0.44921875 0.3078125 0.271875
0 0.34765625 0.5671875 0.046875 0.10390625
0 0.55546875 0.8015625 0.35625 0.22421875
0 0.71875 0.6953125 0.11171875 0.07734375
0 0.80390625 0.815625 0.1015625 0.13671875
0 0.909375 0.68125 0.1015625 0.0625