0 0.1859375 0.446875 0.225 0.184375
0 0.44453125 0.4625 0.184375 0.23515625
0 0.61796875 0.4953125 0.16328125 0.24609375
0 0.7328125 0.33828125 0.13203125 0.12421875
0 0.68515625 0.5328125 0.16484375 0.24609375
0 0.296875 0.31953125 0.071875 0.0953125
0 0.4015625 0.3296875 0.1078125 0.05703125
0 0.17890625 0.2734375 0.05859375 0.05703125
0 0.22734375 0.31640625 0.09453125 0.03984375
0 0.09453125 0.35078125 0.12578125 0.06484375
0 0.125 0.20625 0.0671875 0.06171875
0 0.51484375 0.1828125 0.2234375 0.13515625
0 0.5890625 0.28203125 0.075 0.06015625
0 0.54609375 0.34921875 0.04375 0.05859375
0 0.26171875 0.23203125 0.0828125 0.046875
0 0.2109375 0.2359375 0.11171875 0.1109375