0 0.775 0.87265625 0.17578125 0.18515625
0 0.66953125 0.3296875 0.0625 0.0796875
0 0.6359375 0.36796875 0.0890625 0.0796875
0 0.6265625 0.16484375 0.3078125 0.14921875
0 0.2171875 0.1859375 0.428125 0.209375
0 0.12734375 0.646875 0.25234375 0.6296875
0 0.275 0.509375 0.196875 0.2328125
0 0.50703125 0.4390625 0.1203125 0.125
0 0.40625 0.4078125 0.11328125 0.1609375
0 0.49609375 0.6671875 0.146875 0.228125
0 0.73203125 0.6296875 0.1921875 0.115625
0 0.85546875 0.72109375 0.28828125 0.1421875
0 0.65625 0.80859375 0.165625 0.21640625