0 0.71015625 0.93515625 0.06015625 0.11015625
0 0.175 0.3296875 0.05 0.03984375
0 0.2703125 0.51015625 0.03984375 0.1203125
0 0.4046875 0.425 0.0703125 0.11015625
0 0.5296875 0.4953125 0.03984375 0.05
0 0.56015625 0.425 0.03984375 0.0703125
0 0.51484375 0.68515625 0.01015625 0.08984375
0 0.53984375 0.66015625 0.0203125 0.03984375
0 0.525 0.5953125 0.0296875 0.05
0 0.4453125 0.63515625 0.0296875 0.08984375
0 0.4703125 0.63515625 0.0203125 0.05
0 0.48984375 0.61484375 0.0203125 0.05
0 0.68515625 0.63515625 0.0296875 0.08984375
0 0.7296875 0.61015625 0.0203125 0.06015625
0 0.78515625 0.56015625 0.01015625 0.03984375
0 0.8296875 0.56484375 0.0203125 0.11015625
0 0.875 0.5453125 0.0296875 0.0703125
0 0.58984375 0.7703125 0.03984375 0.0796875