0 0.39453125 0.22578125 0.2875 0.2734375
0 0.56015625 0.3546875 0.23671875 0.1984375
0 0.15703125 0.5609375 0.21796875 0.18359375
0 0.278125 0.51640625 0.19140625 0.109375
0 0.1890625 0.6859375 0.1140625 0.0703125
0 0.315625 0.6328125 0.08828125 0.046875
0 0.43046875 0.725 0.08359375 0.0828125
0 0.54375 0.56640625 0.1890625 0.08671875
0 0.47109375 0.62890625 0.08359375 0.06328125
0 0.66875 0.66328125 0.36953125 0.14921875
0 0.52578125 0.8734375 0.31640625 0.10859375
0 0.34140625 0.5140625 0.19140625 0.04453125