0 0.775 0.8703125 0.1703125 0.1796875
0 0.6703125 0.3296875 0.06015625 0.0796875
0 0.63515625 0.3703125 0.08984375 0.0796875
0 0.625 0.16484375 0.31015625 0.15
0 0.21484375 0.18515625 0.4296875 0.21015625
0 0.125 0.6453125 0.25 0.6296875
0 0.275 0.51015625 0.18984375 0.23984375
0 0.51015625 0.43984375 0.1203125 0.1203125
0 0.4046875 0.41015625 0.11015625 0.16015625
0 0.4953125 0.66484375 0.15 0.2296875
0 0.73515625 0.6296875 0.18984375 0.1203125
0 0.85 0.725 0.2796875 0.15
0 0.6546875 0.81015625 0.1703125 0.2203125