0 0.6265625 0.16484375 0.3078125 0.1515625
0 0.21640625 0.1859375 0.428125 0.209375
0 0.66796875 0.3296875 0.0625 0.08203125
0 0.634375 0.36796875 0.09140625 0.0796875
0 0.40625 0.40625 0.11328125 0.1609375
0 0.50703125 0.4390625 0.1203125 0.1609375
0 0.27421875 0.50859375 0.196875 0.2328125
0 0.73046875 0.6296875 0.1921875 0.11796875
0 0.4953125 0.6671875 0.14921875 0.23046875
0 0.8546875 0.72109375 0.28828125 0.146875
0 0.65625 0.80859375 0.165625 0.21875
0 0.775 0.87109375 0.17578125 0.18515625