0 0.5203125 0.1109375 0.19921875 0.19921875
0 0.5203125 0.82421875 0.08203125 0.21171875
0 0.1109375 0.7796875 0.19921875 0.259375
0 0.1453125 0.53515625 0.1515625 0.25
0 0.30546875 0.19453125 0.16796875 0.25
0 0.78515625 0.25 0.3296875 0.240625
0 0.71015625 0.15 0.10078125 0.10078125
0 0.8703125 0.79453125 0.18046875 0.1296875
0 0.68515625 0.7296875 0.18984375 0.19921875
0 0.5140625 0.58515625 0.09140625 0.25
0 0.33046875 0.56484375 0.1203125 0.271875
0 0.2453125 0.31484375 0.1515625 0.271875
0 0.41015625 0.375 0.31953125 0.23046875
0 0.70546875 0.54453125 0.271875 0.23046875