0 0.17421875 0.34140625 0.146875 0.16328125
0 0.584375 0.459375 0.1515625 0.14453125
0 0.8578125 0.57109375 0.18046875 0.18984375
0 0.2828125 0.4546875 0.15859375 0.14921875
0 0.5828125 0.55546875 0.06953125 0.09140625
0 0.803125 0.64921875 0.1203125 0.1390625
0 0.1921875 0.52734375 0.1296875 0.12734375
0 0.45078125 0.59140625 0.08671875 0.125
0 0.7125 0.66328125 0.1203125 0.178125
0 0.296875 0.57421875 0.09140625 0.14921875
0 0.47578125 0.62890625 0.115625 0.12265625
0 0.5171875 0.7203125 0.09375 0.10546875
0 0.30546875 0.671875 0.084375 0.13203125
0 0.25703125 0.6625 0.08203125 0.1109375