0 0.8453125 0.91015625 0.11015625 0.16015625
0 0.6 0.9203125 0.1 0.1
0 0.5 0.7296875 0.1 0.1203125
0 0.5546875 0.0796875 0.0703125 0.0796875
0 0.48515625 0.125 0.05 0.0703125
0 0.53515625 0.2453125 0.0703125 0.0703125
0 0.4453125 0.21015625 0.08984375 0.06015625
0 0.73984375 0.2203125 0.0796875 0.0796875
0 0.56015625 0.4453125 0.1203125 0.11015625
0 0.775 0.625 0.0703125 0.08984375
0 0.7953125 0.4296875 0.0703125 0.1203125
0 0.7796875 0.36015625 0.06015625 0.06015625
0 0.11015625 0.38984375 0.06015625 0.1203125
0 0.26484375 0.825 0.18984375 0.1296875
0 0.18515625 0.91015625 0.08984375 0.16015625
0 0.2203125 0.71015625 0.0796875 0.16015625
0 0.4796875 0.66015625 0.06015625 0.1203125
0 0.41015625 0.53515625 0.1203125 0.11015625
0 0.48515625 0.48984375 0.08984375 0.1
0 0.28984375 0.08984375 0.06015625 0.1
0 0.3046875 0.2296875 0.0703125 0.1203125
0 0.2046875 0.1703125 0.0703125 0.1203125
0 0.13984375 0.2546875 0.06015625 0.1703125