0 0.3421875 0.83203125 0.13203125 0.1828125
0 0.5828125 0.47578125 0.0984375 0.0578125
0 0.728125 0.634375 0.053125 0.0578125
0 0.56484375 0.3484375 0.10546875 0.1390625
0 0.2328125 0.41328125 0.2359375 0.14453125
0 0.3953125 0.24140625 0.17578125 0.1609375
0 0.55625 0.15234375 0.07421875 0.146875
0 0.4484375 0.48046875 0.11328125 0.10078125
0 0.6546875 0.7671875 0.11328125 0.09140625
0 0.64921875 0.63359375 0.08671875 0.05546875
0 0.36796875 0.60078125 0.0484375 0.0625
0 0.28828125 0.6859375 0.08671875 0.0984375