0 0.65 0.71015625 0.06015625 0.1203125
0 0.8546875 0.4203125 0.11015625 0.13984375
0 0.725 0.51015625 0.1296875 0.1203125
0 0.43515625 0.71484375 0.0703125 0.08984375
0 0.4953125 0.6296875 0.08984375 0.1
0 0.5296875 0.6046875 0.06015625 0.11015625
0 0.41015625 0.53984375 0.06015625 0.0796875
0 0.4296875 0.43984375 0.1203125 0.1203125
0 0.26015625 0.61015625 0.0796875 0.16015625
0 0.175 0.5796875 0.08984375 0.1203125
0 0.13515625 0.48984375 0.15 0.1203125
0 0.7 0.71484375 0.06015625 0.08984375
0 0.6796875 0.6203125 0.06015625 0.13984375
0 0.7953125 0.6 0.11015625 0.1