0 0.84609375 0.91015625 0.1109375 0.1609375
0 0.6 0.91953125 0.0984375 0.0984375
0 0.5 0.73046875 0.10078125 0.1203125
0 0.55625 0.08046875 0.06953125 0.0796875
0 0.48671875 0.1265625 0.05078125 0.06953125
0 0.53515625 0.24609375 0.06953125 0.06953125
0 0.44453125 0.21015625 0.09140625 0.06015625
0 0.740625 0.2203125 0.08203125 0.0796875
0 0.56015625 0.44453125 0.1203125 0.1109375
0 0.775 0.625 0.06953125 0.09140625
0 0.79453125 0.43046875 0.06953125 0.1203125
0 0.7796875 0.36171875 0.06015625 0.06015625
0 0.11171875 0.3890625 0.06015625 0.1203125
0 0.265625 0.82421875 0.18984375 0.1296875
0 0.18515625 0.91015625 0.09140625 0.1609375
0 0.2203125 0.71015625 0.0796875 0.1609375
0 0.4796875 0.6609375 0.06015625 0.1203125
0 0.4109375 0.5359375 0.1203125 0.1109375
0 0.4859375 0.490625 0.09140625 0.10078125
0 0.28984375 0.08984375 0.06015625 0.0984375
0 0.30625 0.23046875 0.06953125 0.1203125
0 0.20546875 0.1703125 0.06953125 0.1203125
0 0.140625 0.2546875 0.06015625 0.16796875