0 0.5796875 0.6375 0.16875 0.1703125
0 0.3140625 0.465625 0.32890625 0.11640625
0 0.7765625 0.453125 0.38125 0.13828125
0 0.43359375 0.5390625 0.24921875 0.10546875
0 0.21875 0.34921875 0.29609375 0.11953125
0 0.375 0.265625 0.18515625 0.0484375
0 0.378125 0.290625 0.0609375 0.06640625
0 0.4265625 0.3828125 0.1546875 0.0546875
0 0.6796875 0.290625 0.10625 0.059375
0 0.50390625 0.22421875 0.08203125 0.07109375
0 0.6875 0.15234375 0.096875 0.06015625
0 0.75859375 0.0921875 0.084375 0.08984375
0 0.91875 0.171875 0.1625 0.12421875
0 0.9078125 0.33515625 0.16015625 0.07265625
0 0.32734375 0.19609375 0.1359375 0.1015625
0 0.11953125 0.05078125 0.1203125 0.09765625
0 0.121875 0.19140625 0.0859375 0.08046875
0 0.40234375 0.175 0.13828125 0.0984375
0 0.4234375 0.11484375 0.09375 0.053125
0 0.8640625 0.103125 0.10703125 0.12734375