0 0.5421875 0.67734375 0.18671875 0.1921875
0 0.67421875 0.4375 0.290625 0.08828125
0 0.34609375 0.540625 0.24609375 0.07109375
0 0.28515625 0.45390625 0.27578125 0.06328125
0 0.56171875 0.50703125 0.1375 0.0375
0 0.36015625 0.2875 0.10234375 0.0359375
0 0.3890625 0.3859375 0.040625 0.040625
0 0.39453125 0.396875 0.109375 0.03828125
0 0.54375 0.4125 0.13359375 0.04140625
0 0.5828125 0.371875 0.06328125 0.0578125
0 0.49375 0.35859375 0.0546875 0.0296875
0 0.5625 0.28125 0.184375 0.0484375
0 0.421875 0.48984375 0.09921875 0.04140625
0 0.44765625 0.46875 0.046875 0.03046875
0 0.2640625 0.3859375 0.19296875 0.10390625
0 0.5734375 0.24296875 0.046875 0.03125
0 0.3390625 0.24765625 0.1375 0.040625
0 0.57734375 0.16953125 0.17265625 0.05078125
0 0.32890625 0.11875 0.23125 0.06484375
0 0.34921875 0.04375 0.12734375 0.0875
0 0.06875 0.06015625 0.10859375 0.084375
0 0.4171875 0.19140625 0.05625 0.06015625
0 0.59609375 0.209375 0.05390625 0.01171875
0 0.64375 0.06953125 0.0765625 0.06953125
0 0.84296875 0.05390625 0.234375 0.1078125
0 0.85234375 0.109375 0.22890625 0.14296875
0 0.79609375 0.2234375 0.0765625 0.08359375
0 0.85390625 0.1890625 0.0609375 0.11328125
0 0.9328125 0.13125 0.05234375 0.0859375
0 0.9046875 0.30078125 0.11015625 0.06875
0 0.865625 0.315625 0.09375 0.05546875
0 0.971875 0.2359375 0.05546875 0.028125
0 0.86640625 0.4421875 0.11015625 0.04140625
0 0.94921875 0.3375 0.06171875 0.0203125
0 0.89609375 0.50625 0.1421875 0.0625
0 0.92890625 0.540625 0.0578125 0.0328125
0 0.8671875 0.5609375 0.07109375 0.05859375
0 0.9671875 0.46015625 0.03984375 0.03046875
0 0.8796875 0.94453125 0.171875 0.09453125
0 0.02734375 0.46328125 0.040625 0.0375
0 0.03515625 0.35625 0.04765625 0.05