0 0.61796875 0.66953125 0.159375 0.1625
0 0.79765625 0.56328125 0.265625 0.0984375
0 0.83359375 0.4578125 0.3328125 0.109375
0 0.8359375 0.32421875 0.2921875 0.07265625
0 0.44453125 0.38359375 0.27734375 0.11640625
0 0.46640625 0.5 0.3234375 0.12421875
0 0.52890625 0.565625 0.221875 0.084375
0 0.740625 0.5015625 0.1375 0.04296875
0 0.71640625 0.37578125 0.14296875 0.04375
0 0.6078125 0.39609375 0.05546875 0.04296875
0 0.57265625 0.2515625 0.1015625 0.053125
0 0.453125 0.109375 0.0984375 0.0828125
0 0.5484375 0.16796875 0.08125 0.08671875
0 0.771875 0.0859375 0.121875 0.0828125
0 0.40703125 0.17578125 0.07421875 0.02890625
0 0.75625 0.12578125 0.06015625 0.03828125
0 0.7578125 0.16015625 0.06796875 0.025
0 0.6796875 0.09609375 0.034375 0.03671875
0 0.80546875 0.18125 0.11953125 0.02578125
0 0.95859375 0.13203125 0.0828125 0.134375
0 0.89375 0.0984375 0.15625 0.09765625
0 0.94453125 0.04453125 0.1109375 0.0578125
0 0.709375 0.1984375 0.04375 0.03203125
0 0.2265625 0.171875 0.16875 0.19453125
0 0.05 0.19609375 0.1 0.19375
0 0.2765625 0.071875 0.04921875 0.071875
0 0.359375 0.1921875 0.06484375 0.02421875
0 0.46953125 0.04296875 0.065625 0.05859375
0 0.49765625 0.03203125 0.06484375 0.0640625
0 0.33203125 0.084375 0.06484375 0.06015625