0 0.690625 0.65703125 0.31328125 0.1390625
0 0.775 0.5515625 0.36875 0.10078125
0 0.85625 0.4359375 0.2875 0.09921875
0 0.40625 0.35 0.19296875 0.12734375
0 0.40625 0.52265625 0.2875 0.0828125
0 0.35 0.44296875 0.3203125 0.128125
0 0.6625 0.40859375 0.18203125 0.20234375
0 0.51328125 0.45390625 0.10234375 0.0484375
0 0.6734375 0.18359375 0.21796875 0.06328125
0 0.31875 0.10546875 0.2203125 0.07265625
0 0.3796875 0.04375 0.05859375 0.0765625
0 0.40234375 0.19296875 0.11171875 0.040625
0 0.6390625 0.059375 0.18984375 0.08125
0 0.8296875 0.10078125 0.11015625 0.13046875
0 0.92265625 0.18671875 0.05390625 0.06796875
0 0.83046875 0.21484375 0.1359375 0.04453125
0 0.43515625 0.078125 0.0375 0.04765625
0 0.28828125 0.0484375 0.0328125 0.03671875
0 0.31328125 0.16328125 0.053125 0.0515625
0 0.7484375 0.1640625 0.07734375 0.10703125