0 0.74765625 0.68828125 0.27109375 0.1734375
0 0.3921875 0.578125 0.27578125 0.096875
0 0.23125 0.4765625 0.35234375 0.0859375
0 0.69453125 0.4203125 0.353125 0.05078125
0 0.66171875 0.490625 0.2609375 0.12421875
0 0.16953125 0.4171875 0.21015625 0.12890625
0 0.60625 0.33203125 0.259375 0.065625
0 0.78046875 0.13828125 0.06015625 0.053125
0 0.7328125 0.17421875 0.0640625 0.075
0 0.68515625 0.20625 0.04453125 0.05078125
0 0.90625 0.1953125 0.14765625 0.0296875
0 0.85859375 0.10546875 0.05546875 0.08515625
0 0.51953125 0.03125 0.071875 0.0625
0 0.43984375 0.1046875 0.12421875 0.0625
0 0.43828125 0.26328125 0.103125 0.0703125
0 0.24140625 0.296875 0.1375 0.04765625
0 0.30078125 0.3328125 0.03828125 0.05546875
0 0.3421875 0.39609375 0.12734375 0.03125
0 0.3859375 0.50859375 0.165625 0.0375
0 0.6078125 0.559375 0.0578125 0.05
0 0.57578125 0.59609375 0.06640625 0.028125
0 0.51328125 0.44453125 0.084375 0.02578125
0 0.534375 0.4484375 0.10859375 0.08203125
0 0.92265625 0.47578125 0.10234375 0.07890625
0 0.928125 0.5640625 0.0796875 0.08828125
0 0.9203125 0.35078125 0.05546875 0.0703125
0 0.88984375 0.2859375 0.1125 0.04765625
0 0.8515625 0.228125 0.1046875 0.0421875
0 0.94765625 0.0953125 0.1046875 0.18515625
0 0.76953125 0.0703125 0.115625 0.03046875
0 0.56640625 0.24453125 0.1078125 0.0421875
0 0.759375 0.24296875 0.13046875 0.028125
0 0.359375 0.21015625 0.15859375 0.04375
0 0.16328125 0.221875 0.2078125 0.1046875
0 0.13671875 0.0828125 0.2734375 0.1375