0 0.6625 0.56875 0.16171875 0.1890625
0 0.2046875 0.346875 0.18359375 0.1109375
0 0.3703125 0.47734375 0.2375 0.1796875
0 0.746875 0.36015625 0.36171875 0.08671875
0 0.3046875 0.24765625 0.15390625 0.08828125
0 0.646875 0.25703125 0.359375 0.1765625
0 0.42578125 0.37421875 0.10546875 0.07265625
0 0.57890625 0.3921875 0.09296875 0.05546875
0 0.38984375 0.3015625 0.04609375 0.04453125
0 0.14453125 0.1859375 0.06953125 0.08984375
0 0.7296875 0.13515625 0.27421875 0.1125
0 0.50390625 0.1046875 0.0953125 0.05859375
0 0.534375 0.1640625 0.0796875 0.040625
0 0.5375 0.53515625 0.1515625 0.14375
0 0.37109375 0.1984375 0.115625 0.0578125
0 0.91875 0.15 0.04609375 0.02265625
0 0.69296875 0.04921875 0.059375 0.07265625