0 0.56953125 0.64921875 0.20234375 0.18671875
0 0.7109375 0.45234375 0.30703125 0.07265625
0 0.41171875 0.5 0.25 0.07109375
0 0.73671875 0.3484375 0.26171875 0.07421875
0 0.7515625 0.23359375 0.25625 0.08515625
0 0.24296875 0.42265625 0.4234375 0.16015625
0 0.19609375 0.28203125 0.19453125 0.1796875
0 0.61875 0.534375 0.07265625 0.02890625
0 0.49765625 0.54453125 0.11328125 0.04296875
0 0.55234375 0.5109375 0.046875 0.01875
0 0.5875 0.43125 0.053125 0.040625
0 0.57265625 0.2734375 0.10546875 0.02890625
0 0.37578125 0.28046875 0.04375 0.0546875
0 0.41171875 0.23515625 0.0671875 0.0328125
0 0.53671875 0.23125 0.05859375 0.0203125
0 0.575 0.25390625 0.03359375 0.02578125
0 0.57734375 0.12890625 0.08671875 0.08515625
0 0.575 0.0703125 0.08515625 0.025
0 0.4984375 0.0953125 0.0515625 0.02734375
0 0.7515625 0.10234375 0.0421875 0.0578125
0 0.25234375 0.06875 0.06875 0.08203125
0 0.334375 0.12578125 0.04453125 0.015625
0 0.30703125 0.1515625 0.065625 0.03984375
0 0.9671875 0.11796875 0.065625 0.01953125
0 0.7140625 0.04296875 0.04140625 0.01875
0 0.88671875 0.2453125 0.06015625 0.0640625
0 0.925 0.1640625 0.14921875 0.05859375
0 0.95078125 0.46640625 0.0640625 0.021875
0 0.9234375 0.5765625 0.1109375 0.08671875
0 0.978125 0.55234375 0.04375 0.02578125
0 0.953125 0.67734375 0.09375 0.04609375
0 0.971875 0.32265625 0.03359375 0.021875
0 0.9734375 0.2296875 0.053125 0.01875
0 0.63515625 0.059375 0.04609375 0.05078125