0 0.56171875 0.63671875 0.1703125 0.15546875
0 0.6359375 0.51171875 0.24453125 0.0640625
0 0.39140625 0.51796875 0.20078125 0.07109375
0 0.71171875 0.42578125 0.290625 0.09453125
0 0.26796875 0.4421875 0.4140625 0.11328125
0 0.71796875 0.2890625 0.17890625 0.084375
0 0.21953125 0.284375 0.38515625 0.115625
0 0.80703125 0.384375 0.0890625 0.1109375
0 0.9234375 0.321875 0.12734375 0.0734375
0 0.89765625 0.63046875 0.134375 0.09609375
0 0.93828125 0.52734375 0.1234375 0.06328125
0 0.56640625 0.20234375 0.071875 0.075
0 0.69375 0.1375 0.046875 0.0390625
0 0.65078125 0.184375 0.053125 0.08125
0 0.61328125 0.16484375 0.0375 0.04453125
0 0.8046875 0.17890625 0.08671875 0.0578125
0 0.915625 0.26875 0.03203125 0.0421875
0 0.97890625 0.2125 0.0421875 0.05703125
0 0.82265625 0.2421875 0.16953125 0.05234375
0 0.85546875 0.54453125 0.071875 0.075
0 0.8390625 0.125 0.1 0.07265625
0 0.49921875 0.20859375 0.0546875 0.05546875
0 0.1203125 0.19765625 0.0765625 0.02265625