0 0.50546875 0.56015625 0.11328125 0.15390625
0 0.65859375 0.44296875 0.1921875 0.0609375
0 0.69375 0.33984375 0.21953125 0.06328125
0 0.46171875 0.45703125 0.1515625 0.06015625
0 0.40703125 0.37890625 0.2625 0.075
0 0.378125 0.24921875 0.23125 0.04453125
0 0.6328125 0.2171875 0.17109375 0.0578125
0 0.56875 0.47578125 0.05703125 0.02265625
0 0.609375 0.38046875 0.10390625 0.03359375
0 0.50390625 0.40859375 0.0953125 0.03046875
0 0.496875 0.3 0.08984375 0.0265625
0 0.78984375 0.1375 0.1015625 0.109375
0 0.1734375 0.11640625 0.11484375 0.06484375
0 0.92734375 0.13359375 0.1453125 0.09296875
0 0.32890625 0.0546875 0.15078125 0.109375
0 0.446875 0.0734375 0.08828125 0.14609375
0 0.33671875 0.13828125 0.13359375 0.0484375
0 0.8546875 0.2015625 0.290625 0.0828125
0 0.9734375 0.23125 0.04609375 0.0453125
0 0.9453125 0.2921875 0.109375 0.078125
0 0.9609375 0.4328125 0.0484375 0.02734375
0 0.94296875 0.4921875 0.04296875 0.0515625
0 0.74296875 0.03359375 0.11328125 0.0296875