0 0.725 0.71953125 0.31015625 0.19140625
0 0.36484375 0.6015625 0.2921875 0.08828125
0 0.7515625 0.35625 0.36328125 0.08984375
0 0.740625 0.24453125 0.28125 0.1171875
0 0.20234375 0.52265625 0.39921875 0.1
0 0.15 0.40859375 0.22890625 0.1515625
0 0.34921875 0.428125 0.15546875 0.0609375
0 0.26484375 0.184375 0.215625 0.10390625
0 0.290625 0.24296875 0.17421875 0.059375
0 0.27734375 0.421875 0.07578125 0.0828125
0 0.4109375 0.403125 0.08125 0.03125
0 0.50234375 0.346875 0.10546875 0.03125
0 0.57578125 0.45234375 0.20234375 0.0515625
0 0.41484375 0.5375 0.12890625 0.04375
0 0.54921875 0.55234375 0.05625 0.05859375
0 0.55078125 0.653125 0.07734375 0.0375
0 0.59375 0.61875 0.046875 0.0203125
0 0.59765625 0.41484375 0.08515625 0.06796875
0 0.5078125 0.271875 0.05859375 0.0375
0 0.5453125 0.321875 0.0375 0.034375
0 0.653125 0.1421875 0.21953125 0.065625
0 0.9046875 0.11796875 0.14609375 0.0671875
0 0.621875 0.0703125 0.2 0.140625
0 0.28671875 0.11484375 0.109375 0.07734375
0 0.60703125 0.1890625 0.21640625 0.06015625