0 0.77578125 0.19921875 0.30625 0.071875
0 0.546875 0.615625 0.1515625 0.1671875
0 0.6890625 0.50625 0.23984375 0.0671875
0 0.22265625 0.3453125 0.2375 0.121875
0 0.33671875 0.39765625 0.29765625 0.08046875
0 0.4390625 0.4703125 0.2203125 0.090625
0 0.73828125 0.46015625 0.31328125 0.14296875
0 0.64140625 0.33125 0.0859375 0.0765625
0 0.41875 0.25625 0.075 0.0609375
0 0.43671875 0.33984375 0.07890625 0.06640625
0 0.6140625 0.4484375 0.09375 0.01953125
0 0.5859375 0.10546875 0.11796875 0.09921875
0 0.7453125 0.140625 0.0875 0.03515625
0 0.78671875 0.3234375 0.2734375 0.1296875
0 0.934375 0.1 0.13046875 0.2
0 0.93671875 0.4625 0.12578125 0.0609375
0 0.8921875 0.71875 0.215625 0.13671875