0 0.7015625 0.25390625 0.2734375 0.08984375
0 0.340625 0.21484375 0.32421875 0.08984375
0 0.35390625 0.4546875 0.35078125 0.1265625
0 0.71875 0.46171875 0.20390625 0.16640625
0 0.48125 0.56796875 0.22578125 0.12265625
0 0.70234375 0.56875 0.1625 0.14375
0 0.68828125 0.6671875 0.203125 0.1515625
0 0.515625 0.45390625 0.11015625 0.03515625
0 0.62890625 0.45 0.0765625 0.04296875
0 0.48984375 0.30078125 0.0828125 0.03125
0 0.121875 0.046875 0.15625 0.08046875
0 0.50390625 0.0921875 0.08203125 0.02578125
0 0.92421875 0.57578125 0.15078125 0.0671875