0 0.74765625 0.63984375 0.171875 0.14609375
0 0.753125 0.52578125 0.2390625 0.06328125
0 0.73671875 0.44140625 0.23984375 0.06875
0 0.68671875 0.325 0.246875 0.078125
0 0.559375 0.58125 0.13515625 0.10703125
0 0.44375 0.4609375 0.26484375 0.06953125
0 0.396875 0.3046875 0.1171875 0.0640625
0 0.5390625 0.2546875 0.1234375 0.0609375
0 0.4765625 0.41875 0.15625 0.1453125
0 0.6671875 0.11953125 0.18515625 0.0546875
0 0.6203125 0.3703125 0.10078125 0.04375
0 0.75625 0.07578125 0.17109375 0.08515625
0 0.5265625 0.0828125 0.13046875 0.0546875
0 0.809375 0.17578125 0.0890625 0.0296875
0 0.76875 0.121875 0.09375 0.03671875
0 0.9546875 0.21015625 0.08984375 0.03125
0 0.9546875 0.246875 0.090625 0.03359375
0 0.96484375 0.1453125 0.0703125 0.103125
0 0.896875 0.08203125 0.04140625 0.04453125
0 0.9 0.15625 0.0671875 0.065625
0 0.275 0.15625 0.134375 0.059375
0 0.5265625 0.1640625 0.18125 0.0546875
0 0.41328125 0.153125 0.05546875 0.034375
0 0.4453125 0.15625 0.03125 0.040625
0 0.95078125 0.50859375 0.03125 0.028125
0 0.94140625 0.40703125 0.04765625 0.04453125
0 0.690625 0.1671875 0.08984375 0.0359375