0 0.4390625 0.484375 0.140625 0.11328125
0 0.5609375 0.42578125 0.16796875 0.07734375
0 0.3796875 0.415625 0.15 0.0578125
0 0.6453125 0.34453125 0.315625 0.11015625
0 0.26875 0.3234375 0.30390625 0.1171875
0 0.2703125 0.2421875 0.23125 0.09609375
0 0.6734375 0.25546875 0.30234375 0.1328125
0 0.57265625 0.184375 0.1625 0.0609375
0 0.80390625 0.0984375 0.1390625 0.04609375
0 0.37421875 0.18203125 0.06171875 0.0296875
0 0.31484375 0.1421875 0.08984375 0.07421875
0 0.9625 0.2078125 0.075 0.05625
0 0.94921875 0.24765625 0.096875 0.05078125
0 0.94453125 0.30625 0.11015625 0.0953125
0 0.90390625 0.0984375 0.16796875 0.0828125
0 0.1203125 0.1265625 0.19296875 0.2140625
0 0.31328125 0.18515625 0.0671875 0.025