0 0.559375 0.65 0.18515625 0.13203125
0 0.65390625 0.4375 0.29296875 0.0625
0 0.625 0.31640625 0.26640625 0.08515625
0 0.31953125 0.3609375 0.26796875 0.12578125
0 0.28671875 0.45078125 0.309375 0.07421875
0 0.359375 0.55390625 0.21875 0.05
0 0.59765625 0.53984375 0.22421875 0.0453125
0 0.4328125 0.50234375 0.0828125 0.028125
0 0.5484375 0.4890625 0.11328125 0.0296875
0 0.51171875 0.36484375 0.07890625 0.02890625
0 0.2109375 0.159375 0.11484375 0.03046875
0 0.3234375 0.0671875 0.1140625 0.0859375
0 0.0765625 0.03515625 0.06875 0.06953125
0 0.20390625 0.12421875 0.04296875 0.0390625
0 0.81796875 0.12421875 0.0796875 0.08203125
0 0.6171875 0.11328125 0.0484375 0.07265625
0 0.971875 0.39609375 0.05546875 0.03828125
0 0.95 0.27734375 0.1 0.1015625
0 0.9171875 0.36328125 0.03359375 0.04921875
0 0.9359375 0.5578125 0.0734375 0.0484375
0 0.675 0.1625 0.04375 0.034375
0 0.3390625 0.1453125 0.0828125 0.09609375