0 0.3296875 0.31875 0.2703125 0.15859375
0 0.7515625 0.36796875 0.33359375 0.09296875
0 0.4703125 0.52421875 0.2203125 0.071875
0 0.61875 0.6078125 0.184375 0.16953125
0 0.725 0.4828125 0.25703125 0.0640625
0 0.44375 0.33671875 0.13359375 0.05625
0 0.58828125 0.296875 0.14921875 0.05
0 0.65 0.4359375 0.14609375 0.04453125
0 0.54453125 0.25625 0.03671875 0.0421875
0 0.5296875 0.475 0.10546875 0.0390625
0 0.328125 0.17265625 0.20078125 0.05
0 0.79921875 0.10625 0.33671875 0.11796875
0 0.13125 0.10078125 0.2625 0.0859375