0 0.58359375 0.6953125 0.2140625 0.15390625
0 0.6359375 0.54921875 0.2671875 0.08046875
0 0.34921875 0.56640625 0.30078125 0.075
0 0.7984375 0.41328125 0.28984375 0.0625
0 0.24375 0.38515625 0.465625 0.13203125
0 0.22734375 0.2328125 0.390625 0.13125
0 0.8 0.24609375 0.253125 0.1
0 0.60234375 0.48359375 0.11328125 0.04921875
0 0.659375 0.459375 0.04453125 0.053125
0 0.4265625 0.48203125 0.16484375 0.059375
0 0.63046875 0.415625 0.0859375 0.05625
0 0.44296875 0.33125 0.06484375 0.0453125
0 0.35859375 0.21875 0.21875 0.05078125
0 0.5046875 0.36171875 0.09765625 0.0359375
0 0.665625 0.32890625 0.0390625 0.03359375
0 0.640625 0.1984375 0.11640625 0.05234375
0 0.94765625 0.1890625 0.1046875 0.07109375
0 0.971875 0.5375 0.05546875 0.05703125
0 0.184375 0.10078125 0.209375 0.2015625
0 0.93359375 0.0796875 0.08515625 0.065625