0 0.31015625 0.2984375 0.35859375 0.1390625
0 0.78359375 0.32734375 0.2578125 0.1453125
0 0.265625 0.46953125 0.43125 0.11328125
0 0.76875 0.49296875 0.33671875 0.1734375
0 0.4015625 0.6046875 0.2953125 0.09765625
0 0.70625 0.57578125 0.315625 0.1109375
0 0.50703125 0.73671875 0.25546875 0.1546875
0 0.6734375 0.18359375 0.14765625 0.06015625
0 0.6234375 0.353125 0.1375 0.04296875
0 0.48125 0.36796875 0.11875 0.0390625
0 0.45703125 0.53203125 0.165625 0.0453125
0 0.90859375 0.08984375 0.05859375 0.05703125
0 0.41640625 0.05546875 0.0625 0.0390625