0 0.78984375 0.5046875 0.31015625 0.09609375
0 0.58515625 0.42578125 0.16796875 0.11796875
0 0.57265625 0.56640625 0.134375 0.12265625
0 0.33828125 0.39140625 0.165625 0.1890625
0 0.38828125 0.625 0.18515625 0.184375
0 0.196875 0.41953125 0.09765625 0.14921875
0 0.13359375 0.61640625 0.1125 0.1671875
0 0.43671875 0.465625 0.05859375 0.071875
0 0.4 0.4796875 0.0796875 0.03125
0 0.43203125 0.54765625 0.07109375 0.07890625
0 0.28046875 0.48671875 0.04375 0.03671875
0 0.25703125 0.5296875 0.05078125 0.04765625
0 0.13671875 0.46875 0.05859375 0.05703125
0 0.13046875 0.51875 0.03515625 0.034375