0 0.58671875 0.6171875 0.21796875 0.2171875
0 0.71953125 0.44140625 0.3640625 0.0859375
0 0.3828125 0.46640625 0.30546875 0.1171875
0 0.24765625 0.2984375 0.37109375 0.11875
0 0.77421875 0.321875 0.409375 0.12109375
0 0.26953125 0.17265625 0.3265625 0.12109375
0 0.646875 0.2328125 0.16875 0.0953125
0 0.165625 0.059375 0.23046875 0.0984375
0 0.3421875 0.06796875 0.06171875 0.0671875
0 0.409375 0.03125 0.06171875 0.0625
0 0.68046875 0.0953125 0.06171875 0.03671875
0 0.51015625 0.04609375 0.06171875 0.06875
0 0.78515625 0.0546875 0.0796875 0.1015625
0 0.8703125 0.08828125 0.04921875 0.07109375
0 0.909375 0.090625 0.078125 0.03203125
0 0.42109375 0.36015625 0.20234375 0.06171875
0 0.50234375 0.5109375 0.096875 0.03984375
0 0.6015625 0.3734375 0.14296875 0.0421875
0 0.4625 0.31875 0.075 0.04609375