0 0.57578125 0.74375 0.24765625 0.21015625
0 0.35546875 0.5671875 0.28203125 0.07109375
0 0.6015625 0.5375 0.13203125 0.08671875
0 0.32734375 0.484375 0.2671875 0.1
0 0.26953125 0.34296875 0.21171875 0.1015625
0 0.13203125 0.5078125 0.26328125 0.13671875
0 0.49375 0.328125 0.17421875 0.05
0 0.40625 0.40078125 0.125 0.05625
0 0.5125 0.43203125 0.09140625 0.06796875
0 0.56015625 0.48515625 0.10078125 0.0890625
0 0.8109375 0.49296875 0.378125 0.103125
0 0.8578125 0.40703125 0.26015625 0.12734375
0 0.8484375 0.29375 0.175 0.0640625
0 0.675 0.23984375 0.046875 0.05
0 0.82265625 0.15234375 0.146875 0.13125
0 0.94453125 0.18828125 0.0984375 0.04296875
0 0.11015625 0.3140625 0.034375 0.04453125
0 0.09375 0.2859375 0.04140625 0.03359375
0 0.18515625 0.2609375 0.16484375 0.046875
0 0.28125 0.18828125 0.22421875 0.084375
0 0.31484375 0.1078125 0.375 0.21484375
0 0.3984375 0.23828125 0.14140625 0.0625
0 0.475 0.26015625 0.109375 0.02734375
0 0.6421875 0.17734375 0.103125 0.03984375
0 0.78046875 0.0453125 0.33203125 0.090625
0 0.15625 0.0734375 0.3125 0.146875