0 0.6296875 0.6828125 0.21875 0.24296875
0 0.39296875 0.53515625 0.33046875 0.11796875
0 0.41328125 0.45234375 0.2015625 0.05390625
0 0.72890625 0.39765625 0.36875 0.13203125
0 0.7453125 0.2984375 0.22734375 0.21796875
0 0.25625 0.3515625 0.5125 0.11875
0 0.20390625 0.23203125 0.3515625 0.0953125
0 0.29375 0.16484375 0.26953125 0.07421875
0 0.396875 0.28203125 0.19375 0.04921875
0 0.9171875 0.56953125 0.165625 0.06015625
0 0.69765625 0.48828125 0.24921875 0.0890625
0 0.6296875 0.44140625 0.184375 0.06953125
0 0.640625 0.296875 0.209375 0.0546875
0 0.91640625 0.12265625 0.16640625 0.2453125
0 0.69140625 0.103125 0.0734375 0.0546875
0 0.59453125 0.109375 0.08203125 0.040625
0 0.77265625 0.1890625 0.15546875 0.2265625
0 0.271875 0.10703125 0.1640625 0.04140625
0 0.215625 0.04296875 0.08125 0.0859375
0 0.078125 0.09453125 0.03671875 0.034375
0 0.1578125 0.0921875 0.1265625 0.071875
0 0.44453125 0.025 0.05703125 0.04921875
0 0.8234375 0.04609375 0.08828125 0.05078125