0 0.60078125 0.5359375 0.25078125 0.0765625
0 0.60234375 0.40859375 0.2828125 0.08984375
0 0.57890625 0.32265625 0.26640625 0.07578125
0 0.4140625 0.59609375 0.1421875 0.11171875
0 0.18203125 0.40625 0.3640625 0.05078125
0 0.2234375 0.2875 0.234375 0.05546875
0 0.496875 0.69296875 0.10234375 0.18828125
0 0.375 0.56640625 0.18359375 0.1078125
0 0.5046875 0.46640625 0.1140625 0.0328125
0 0.37578125 0.4453125 0.1171875 0.0265625
0 0.440625 0.3546875 0.09453125 0.034375
0 0.33828125 0.33984375 0.10625 0.03046875
0 0.42109375 0.2984375 0.05 0.0296875
0 0.46875 0.05546875 0.1875 0.06640625
0 0.6359375 0.1171875 0.1015625 0.109375
0 0.45859375 0.1921875 0.065625 0.08203125
0 0.521875 0.20703125 0.0859375 0.16015625
0 0.19609375 0.19609375 0.09140625 0.07421875
0 0.1421875 0.0671875 0.046875 0.06484375
0 0.02890625 0.0296875 0.0578125 0.059375
0 0.04609375 0.0890625 0.05859375 0.0421875
0 0.1828125 0.125 0.09765625 0.0546875
0 0.79140625 0.1328125 0.14140625 0.128125
0 0.609375 0.184375 0.10625 0.0703125
0 0.946875 0.2515625 0.10625 0.03671875
0 0.93828125 0.30390625 0.07890625 0.04921875
0 0.95546875 0.43203125 0.0890625 0.078125
0 0.95625 0.49765625 0.06875 0.0359375
0 0.96640625 0.0984375 0.0671875 0.08828125
0 0.91484375 0.05859375 0.11640625 0.0734375
0 0.828125 0.04921875 0.109375 0.04140625
0 0.42109375 0.23046875 0.07578125 0.04921875