0 0.55625 0.62265625 0.15703125 0.15703125
0 0.68203125 0.52421875 0.24921875 0.0984375
0 0.7859375 0.403125 0.30703125 0.0703125
0 0.76171875 0.3390625 0.19453125 0.0796875
0 0.43203125 0.49765625 0.23828125 0.06171875
0 0.3578125 0.39296875 0.31640625 0.1046875
0 0.271875 0.309375 0.3015625 0.0671875
0 0.11796875 0.42578125 0.1796875 0.05546875
0 0.04296875 0.4734375 0.04140625 0.04609375
0 0.03515625 0.36015625 0.0703125 0.1109375
0 0.08984375 0.3171875 0.0515625 0.021875
0 0.06875 0.25234375 0.1375 0.115625
0 0.15234375 0.14296875 0.26640625 0.14375
0 0.14140625 0.37109375 0.06796875 0.06640625
0 0.07890625 0.5796875 0.11015625 0.05
0 0.075 0.51015625 0.06328125 0.0546875
0 0.0828125 0.6921875 0.04609375 0.065625
0 0.13671875 0.6671875 0.0578125 0.05625
0 0.06171875 0.6234375 0.028125 0.03125
0 0.11875 0.57890625 0.08046875 0.04921875
0 0.64765625 0.434375 0.14765625 0.0515625
0 0.50625 0.4375 0.0953125 0.034375
0 0.61640625 0.41171875 0.034375 0.034375
0 0.6421875 0.2734375 0.06171875 0.05078125
0 0.6265625 0.32109375 0.03515625 0.034375
0 0.61953125 0.325 0.0921875 0.03984375
0 0.49296875 0.35234375 0.09140625 0.03359375
0 0.4640625 0.3328125 0.0359375 0.0421875
0 0.48046875 0.29453125 0.0609375 0.02734375
0 0.4328125 0.271875 0.11640625 0.0609375
0 0.37578125 0.0640625 0.10859375 0.128125
0 0.28359375 0.0984375 0.07578125 0.10390625
0 0.38359375 0.146875 0.12578125 0.1265625
0 0.60546875 0.053125 0.059375 0.07109375
0 0.740625 0.18671875 0.065625 0.0359375
0 0.96171875 0.04296875 0.0765625 0.0640625
0 0.953125 0.6984375 0.06015625 0.04609375
0 0.61328125 0.83984375 0.06875 0.0609375
0 0.8578125 0.88359375 0.09140625 0.025
0 0.82265625 0.98203125 0.1109375 0.0359375
0 0.9703125 0.91015625 0.059375 0.03046875
0 0.81171875 0.92734375 0.04765625 0.0484375
0 0.95 0.965625 0.09921875 0.06015625
0 0.79609375 0.94375 0.1078125 0.05234375
0 0.52265625 0.86015625 0.06328125 0.07109375
0 0.58671875 0.87421875 0.075 0.0421875
0 0.38828125 0.9703125 0.05625 0.05859375
0 0.45 0.8578125 0.09375 0.03359375
0 0.43125 0.903125 0.05625 0.065625
0 0.346875 0.8265625 0.08203125 0.05234375
0 0.26953125 0.78125 0.06875 0.025
0 0.4890625 0.80546875 0.090625 0.03671875
0 0.325 0.88125 0.06015625 0.0265625
0 0.478125 0.9296875 0.0421875 0.0328125
0 0.21328125 0.84375 0.04140625 0.04609375
0 0.1296875 0.9015625 0.0453125 0.04296875
0 0.1515625 0.871875 0.06796875 0.0453125
0 0.16640625 0.96171875 0.06328125 0.03359375
0 0.23203125 0.95625 0.06328125 0.03671875
0 0.11171875 0.75546875 0.02734375 0.02109375
0 0.1765625 0.7734375 0.0765625 0.0203125
0 0.0453125 0.953125 0.04296875 0.03125
0 0.1640625 0.51328125 0.0734375 0.0640625
0 0.08046875 0.54375 0.06875 0.05078125
0 0.45 0.17890625 0.0859375 0.08515625
0 0.13828125 0.03203125 0.06875 0.0640625