0 0.43828125 0.54765625 0.2828125 0.0984375
0 0.67109375 0.67109375 0.2375 0.18046875
0 0.66796875 0.17890625 0.1640625 0.1296875
0 0.4125 0.421875 0.25078125 0.15234375
0 0.30390625 0.23359375 0.28828125 0.10625
0 0.71640625 0.4484375 0.19453125 0.1390625
0 0.7265625 0.54765625 0.24296875 0.075
0 0.6921875 0.3265625 0.0859375 0.07734375
0 0.65703125 0.5 0.11875 0.05546875
0 0.86328125 0.44375 0.2734375 0.0875
0 0.971875 0.50546875 0.05546875 0.06953125
0 0.96953125 0.29453125 0.05625 0.05859375
0 0.61953125 0.35546875 0.1046875 0.05078125
0 0.48203125 0.3703125 0.1359375 0.05078125
0 0.5140625 0.328125 0.05390625 0.059375
0 0.40703125 0.1953125 0.19609375 0.06484375
0 0.8421875 0.515625 0.07890625 0.025
0 0.9046875 0.27578125 0.07109375 0.05625
0 0.49765625 0.18125 0.11171875 0.10078125