1 0.23203125 0.5078125 0.2640625 0.30703125
1 0.31640625 0.70859375 0.24765625 0.24453125
1 0.52734375 0.7546875 0.2421875 0.37421875
1 0.66171875 0.38515625 0.33515625 0.403125
1 0.53046875 0.16484375 0.25078125 0.14140625
1 0.22734375 0.23359375 0.22265625 0.36875
1 0.71875 0.61875 0.2625 0.20546875
1 0.459375 0.48203125 0.13984375 0.14765625
1 0.39296875 0.23671875 0.15078125 0.23359375
1 0.065625 0.8765625 0.13125 0.22421875
1 0.20546875 0.85 0.35390625 0.3
1 0.0578125 0.20390625 0.11484375 0.33046875
1 0.34921875 0.07578125 0.2578125 0.1515625