0 0.54765625 0.14765625 0.0859375 0.10234375
0 0.2546875 0.1703125 0.146875 0.14375
0 0.73203125 0.23359375 0.196875 0.0765625
0 0.69296875 0.32734375 0.19140625 0.05625
0 0.08203125 0.35078125 0.0609375 0.065625
0 0.52265625 0.39765625 0.1265625 0.14140625
0 0.32421875 0.40078125 0.25625 0.33046875
0 0.903125 0.4078125 0.19375 0.2125
0 0.2265625 0.47109375 0.09140625 0.11015625
0 0.59296875 0.525 0.24375 0.2984375
0 0.4453125 0.56171875 0.146875 0.14375
0 0.84609375 0.6125 0.1453125 0.10703125
0 0.02890625 0.62734375 0.0578125 0.1265625
0 0.17734375 0.6421875 0.0859375 0.07265625
0 0.25703125 0.6734375 0.07265625 0.125
0 0.56953125 0.6765625 0.1296875 0.1046875
0 0.06953125 0.71015625 0.1390625 0.1140625
0 0.20390625 0.73671875 0.07734375 0.06171875
0 0.7078125 0.746875 0.12421875 0.10703125
0 0.2421875 0.0765625 0.125 0.040625
0 0.86015625 0.7765625 0.11796875 0.12890625
0 0.45390625 0.08046875 0.115625 0.11015625
0 0.2078125 0.83984375 0.2859375 0.17421875
0 0.53203125 0.86875 0.28046875 0.2625