1 0.19140625 0.271875 0.24765625 0.340625
1 0.8125 0.39609375 0.27109375 0.19921875
1 0.534375 0.44296875 0.14609375 0.16328125
1 0.91484375 0.76953125 0.16953125 0.23671875
1 0.42734375 0.9171875 0.1703125 0.165625
1 0.29453125 0.55078125 0.21640625 0.196875
1 0.04375 0.65390625 0.08671875 0.2390625
1 0.05234375 0.10703125 0.10390625 0.21171875
1 0.1390625 0.37109375 0.06875 0.109375
1 0.13671875 0.475 0.1546875 0.09296875
1 0.246875 0.9609375 0.159375 0.078125
1 0.309375 0.03359375 0.121875 0.0671875
1 0.3359375 0.32734375 0.1140625 0.1828125
1 0.41484375 0.33515625 0.06640625 0.12265625
1 0.3140625 0.64375 0.12421875 0.165625
1 0.2765625 0.83984375 0.0640625 0.0859375
1 0.35546875 0.8234375 0.0609375 0.1078125
1 0.31640625 0.915625 0.05078125 0.08828125
1 0.50390625 0.22890625 0.1359375 0.15234375
1 0.58125 0.07421875 0.0890625 0.1484375
1 0.43671875 0.034375 0.134375 0.06875
1 0.54453125 0.66640625 0.23671875 0.21640625
1 0.459375 0.5984375 0.11796875 0.1453125
1 0.5890625 0.740625 0.12109375 0.11640625
1 0.6734375 0.81796875 0.10546875 0.11328125
1 0.57890625 0.81484375 0.1078125 0.0875
1 0.51015625 0.83203125 0.10859375 0.13359375
1 0.7 0.89140625 0.1625 0.2171875
1 0.684375 0.69921875 0.065625 0.06875
1 0.6765625 0.63515625 0.09609375 0.08671875
1 0.7515625 0.55234375 0.05859375 0.07578125
1 0.78359375 0.55703125 0.0484375 0.09296875
1 0.62578125 0.2796875 0.19609375 0.18515625
1 0.675 0.10859375 0.14765625 0.159375
1 0.75703125 0.0765625 0.2109375 0.15234375
1 0.5203125 0.3296875 0.0921875 0.09609375
1 0.5921875 0.4 0.0796875 0.1046875
1 0.25 0.0375 0.128125 0.075
1 0.1125 0.23671875 0.06875 0.0890625