0 0.45703125 0.3671875 0.22890625 0.13203125
0 0.609375 0.3890625 0.09609375 0.090625
0 0.73359375 0.04296875 0.16484375 0.0859375
0 0.66171875 0.459375 0.0859375 0.27421875
0 0.4390625 0.46875 0.1453125 0.15703125
0 0.19296875 0.50078125 0.1671875 0.3375
0 0.81484375 0.534375 0.26015625 0.49609375
0 0.2796875 0.05546875 0.059375 0.1109375
0 0.578125 0.56171875 0.10625 0.21640625
0 0.31640625 0.7625 0.2859375 0.475
0 0.5796875 0.77421875 0.2578125 0.45078125
0 0.92265625 0.90625 0.1515625 0.1875
0 0.43828125 0.09375 0.06953125 0.10078125
0 0.678125 0.16015625 0.0953125 0.171875
0 0.37265625 0.221875 0.05078125 0.0859375
0 0.48125 0.2375 0.0828125 0.19375
0 0.921875 0.265625 0.15625 0.29609375
0 0.175 0.28203125 0.071875 0.1765625