0 0.31875 0.1734375 0.17265625 0.17890625
0 0.7171875 0.21171875 0.05234375 0.075
0 0.9015625 0.21640625 0.196875 0.0515625
0 0.9359375 0.26484375 0.128125 0.06484375
0 0.56171875 0.30703125 0.11640625 0.059375
0 0.5703125 0.384375 0.11640625 0.065625
0 0.3375 0.40625 0.16015625 0.0671875
0 0.05078125 0.4390625 0.10078125 0.07421875
0 0.40390625 0.4828125 0.06953125 0.04453125
0 0.69296875 0.48359375 0.1 0.09453125
0 0.6265625 0.4984375 0.11640625 0.0578125
0 0.53671875 0.078125 0.08359375 0.12421875
0 0.7421875 0.809375 0.1703125 0.14296875
0 0.22578125 0.90546875 0.1375 0.10234375
0 0.39140625 0.9234375 0.196875 0.153125
0 0.81015625 0.940625 0.16875 0.11875
0 0.66484375 0.95546875 0.05703125 0.05859375
0 0.6625 0.103125 0.06796875 0.0671875