1 0.42421875 0.60546875 0.18828125 0.23515625
1 0.50234375 0.13515625 0.2703125 0.2703125
1 0.56953125 0.26953125 0.0859375 0.15703125
1 0.80859375 0.51796875 0.09140625 0.165625
1 0.8453125 0.44140625 0.0796875 0.14453125
1 0.9484375 0.4359375 0.103125 0.2375
1 0.696875 0.7546875 0.13203125 0.2234375
1 0.19140625 0.7359375 0.1484375 0.23828125
1 0.2453125 0.671875 0.10234375 0.1734375
1 0.31875 0.28203125 0.10390625 0.26640625
1 0.1921875 0.33125 0.1875 0.17265625
1 0.09375 0.496875 0.10234375 0.1921875
1 0.0453125 0.4265625 0.08984375 0.14453125
1 0.0609375 0.64765625 0.121875 0.17421875
1 0.390625 0.78046875 0.18984375 0.171875
1 0.5546875 0.43984375 0.18828125 0.20859375
1 0.26796875 0.125 0.11875 0.25
1 0.34765625 0.159375 0.1 0.21875
1 0.1421875 0.546875 0.065625 0.08203125
1 0.2125 0.4890625 0.0953125 0.0984375
1 0.1171875 0.1984375 0.08203125 0.08984375
1 0.33125 0.51640625 0.11953125 0.23515625
1 0.53828125 0.7109375 0.16640625 0.2875
1 0.7015625 0.29921875 0.10234375 0.09375
1 0.87265625 0.29375 0.1140625 0.1765625
1 0.68125 0.121875 0.06875 0.0875
1 0.65859375 0.634375 0.07265625 0.10234375
1 0.61875 0.55234375 0.08046875 0.09453125
1 0.753125 0.21484375 0.10546875 0.121875
1 0.79765625 0.74453125 0.0765625 0.18671875
1 0.878125 0.803125 0.090625 0.24609375
1 0.87734375 0.60703125 0.10703125 0.1328125
1 0.92109375 0.5703125 0.07734375 0.165625
1 0.74765625 0.790625 0.07265625 0.11640625