1 0.47890625 0.17421875 0.175 0.15546875
1 0.38046875 0.04765625 0.18828125 0.09453125
1 0.28359375 0.13671875 0.1359375 0.13203125
1 0.36796875 0.45625 0.1 0.09609375
1 0.56328125 0.46953125 0.171875 0.1265625
1 0.6625 0.6484375 0.146875 0.19453125
1 0.83828125 0.5421875 0.19296875 0.253125
1 0.69296875 0.24375 0.11171875 0.1453125
1 0.721875 0.909375 0.23203125 0.18125
1 0.471875 0.796875 0.0890625 0.09921875
1 0.4390625 0.9515625 0.1203125 0.0859375
1 0.68203125 0.446875 0.08046875 0.10546875
1 0.56953125 0.18046875 0.08828125 0.096875
1 0.10625 0.5421875 0.16484375 0.1828125
1 0.18203125 0.80546875 0.10703125 0.11015625
1 0.084375 0.821875 0.1015625 0.278125
1 0.28515625 0.565625 0.140625 0.11484375
1 0.31328125 0.484375 0.13515625 0.14921875
1 0.12265625 0.31484375 0.1140625 0.09921875
1 0.05390625 0.21875 0.084375 0.1
1 0.56796875 0.9390625 0.0859375 0.0796875
1 0.3984375 0.846875 0.0546875 0.08203125
1 0.51796875 0.83671875 0.1296875 0.153125
1 0.50703125 0.95546875 0.0765625 0.0890625
1 0.26796875 0.95078125 0.071875 0.09765625
1 0.31015625 0.72578125 0.125 0.1890625
1 0.496875 0.6328125 0.1859375 0.1921875
1 0.16875 0.38125 0.09453125 0.11953125
1 0.13828125 0.22578125 0.071875 0.1
1 0.1078125 0.08984375 0.0734375 0.13203125
1 0.21328125 0.6640625 0.0734375 0.07578125
1 0.41640625 0.3296875 0.04453125 0.065625
1 0.453125 0.31484375 0.059375 0.0828125
1 0.32890625 0.6515625 0.13359375 0.07421875
1 0.48671875 0.384375 0.08671875 0.07265625
1 0.54921875 0.04375 0.1265625 0.08671875
1 0.54609375 0.3625 0.1234375 0.1046875
1 0.78125 0.425 0.09296875 0.08671875
1 0.7234375 0.3703125 0.13359375 0.1015625
1 0.5890625 0.08984375 0.1890625 0.1375
1 0.40390625 0.51328125 0.0546875 0.10546875